0
0
0
0
12.5368
14.0607
17.6562
13.1897
10.1727
13.0727
0
0
15.9968
14.4798
15.2548
16.4332
17.517
16.1163
0
0
0
0
0
0
0
0
0
0
0
0
0
0
0
0
0
0
0
35.5923
48.2171
46.3602
0
10.8797
7.13782
7.42392
5.51312
6.28318
0
34.5733
33.5057
0
6.88551
6.95116
9.14824
7.99855
2.6533
19.0912
28.3067
28.0107
0
6.05855
8.32247
10.991
9.35591
5.10507
0
12.4656
19.3313
23.2066
22.5106
22.1218
0
6.00879
9.61409
15.2006
13.85
6.51255
6.89969
9.49381
13.9208
19.7517
17.2319
0
10.7141
13.8093
15.0413
13.1633
10.2257
6.68164
7.94873
5.43352
7.80563
19.2721
17.2101
0
0
0
14.1702
14.9064
13.1265
9.71475
7.0847
5.01116
6.9911
7.97552
12.1493
0
15.1626
11.889
9.05578
6.66941
5.87327
7.88135
9.21945
0
0
0
0
0
0
0
0
0
0
0
0
0
17.7593
18.6166
0
16.52
0
0
0
0
0
15.899
10.4155
0
0
0
0
8.98215
13.7431
0
0
0
0
0
0
0
0
0
0
0
0
0
0
0
11.3327
8.07543
3.50361
17.3053
11.7283
8.81497
11.5022
10.9106
9.07813
7.25155
0
9.2063
4.99991
5.22679
0
9.29943
11.0846
11.3195
11.251
8.67399
0
12.178
9.80672
7.73643
0
9.94695
11.1175
11.6156
11.7098
14.9836
0
9.32216
12.0699
10.6986
10.9591
10.4424
13.9282
15.3044
16.6125
15.2622
0
11.6605
10.8282
11.8611
17.3287
16.6329
13.6964
16.1424
18.7506
0
19.8753
17.5533
13.6375
10.3179
8.67887
7.32314
9.13404
9.02746
7.04632
19.8505
14.6332
11.6131
6.0936
7.8871
5.83093
4.27153
5.76567
7.10265
15.5815
15.7508
25.0079
22.0348
30.8236
36.7703
41.3691
41.3043
47.2716
34.1564
28.1131
60.939
7.58489
18.6455
16.9546
30.1306
28.2006
41.8952
44.3241
29.1577
12.9849
33.9629
18.2765
44.6659
47.7853
15.1762
19.4956
15.9907
0
0
6.97402
8.79624
9.61183
0
13.3466
314.2
7.1709
6.49198
0
17.9477
0
16.8817
16.2791
5.83966
2.67838
0
0
0
0
9.32748
0
0
13.9838
11.9824
12.9454
8.4434
10.0298
13.9559
0
0
0
0
0
0
0
0
0
0
0
0
0
0
0
0
0
0
0
0
0
0
0
0
0
0
0
0
0
0
0
0
0
0
0
0
0
0
0
0
0
0
0
0
0
0
0
0
0
0
0
0
0
7.94848
16.7979
21.0836
11.6788
0
0
0
0
8.00025
5.80051
6.49263
12.2371
22.8527
32.1985
0
0
0
0.800416
3.69423
12.3665
9.75953
11.8591
10.974
16.8697
23.1174
39.5396
0
0
0
0
11.1658
9.39193
12.6761
21.7013
16.8722
0
0
0
0
0
10.6367
7.95112
8.70356
8.59453
0
0
11.7233
0
0
0
14.6896
18.7475
18.5373
18.6653
19.2696
18.9243
20.8682
23.7302
20.2514
22.1169
25.4335
22.1459
19.9026
13.3268
13.6995
10.358
8.12406
14.8465
15.0387
16.1039
19.1819
21.033
24.1943
26.9396
22.2485
25.1292
25.7616
23.513
0
23.1775
21.506
0
10.649
18.0107
17.825
12.9429
14.3266
17.5879
16.8467
16.7799
17.9177
0
0
19.1123
11.411
8.55486
10.7473
0
0
0
0
14.279
0
0
16.8349
15.2543
0
0
0
0
0
0
0
0
0
0
0
0
0
0
0
0
0
0
0
0
0
0
0
0
0
0
0
0
0
0
0
0
0
0
0
0
0
0
0
0
0
0
0
0
0
0
0
0
0
0
0
0
0
0
0
0
0
0
0
0
0
0
0
0
0
0
0
0
0
0
0
0
0
0
37.214
0
0
0
0
17.0291
0
0
0
0
0
5.5478
0
0
9.59376
13.3479
6.69415
5.47935
10.5894
0
0
13.2513
9.06409
0
8.36773
0
10.8941
5.44727
12.0986
10.4123
0
0
0
10.0168
8.37292
10.1487
7.22981
9.25042
9.75637
0
20.9587
19.5759
16.4266
17.9143
16.7324
13.6041
12.2986
11.0158
10.7609
9.73351
11.309
9.65991
10.4929
8.71846
0
7.95184
6.82457
8.557
7.36034
8.82024
5.33717
6.81378
8.45551
5.47725
7.3245
0
9.151
8.90096
6.50677
10.522
0
0
3.77844
6.62494
5.54026
10.2609
9.56626
0
11.3152
7.35376
6.73792
6.87969
5.0421
8.713
0
0
10.4489
4.61938
9.49072
6.70951
3.83473
7.51641
0
0
10.2775
8.13093
3.86586
8.74479
0
0
0
0
0
0
385.661
12.7585
9.34348
6.70187
9.91517
0
0
0
12.2995
8.09359
10.8065
0
0
0
12.0955
10.2317
14.8535
12.776
16.2528
0
0
0
0
0
0
13.0347
14.0757
0
11.3187
11.2919
9.95914
9.24998
7.49542
0
9.01046
8.72646
8.46785
6.96365
6.80445
7.24523
8.20514
7.55993
8.32694
7.62827
7.53335
6.99932
7.92359
7.4533
6.62505
8.79909
8.41554
8.3406
4.8776
3.82511
6.63244
6.08985
4.11777
6.07149
7.00329
10.8811
11.5944
6.63603
9.39912
16.1134
8.54458
0
7.97448
7.69073
13.0852
0
9.26558
13.2131
0
0
9.15357
13.2877
12.6229
9.05208
4.36075
7.21877
10.247
9.40064
7.5332
0
0
0
0
0
0
0
0
0
0
10.5661
6.89396
6.29472
6.77236
5.3851
6.0355
0
0
0
0
0
0
0
0
5.56971
6.54748
5.60547
0
7.93034
9.28323
7.69584
0
0
0
0
6.34918
10.0869
9.74493
11.8465
10.0613
10.4225
11.5961
13.5449
13.5637
0
0
11.3712
15.4074
0
10.0856
15.1587
13.0261
13.5552
7.78852
7.16703
4.00759
4.23528
6.9873
5.90107
3.87608
8.13238
6.33955
7.42242
7.32381
8.01927
9.89894
8.67541
0
12.6867
0
4.41319
0
8.55862
4.49612
0
0
0
0
0
0
0
10.5894
9.27605
9.44213
10.0038
0
10.5869
9.08333
11.2444
13.6447
12.1311
0
0
0
0
0
6.83142
0
0
19.2876
17.6924
13.3129
10.0676
8.08213
8.10964
11.2336
13.3974
9.71938
15.6833
13.3812
14.3706
15.4369
15.9654
22.8607
24.0537
21.3973
20.5159
17.2348
16.9097
19.8639
0
0
0
15.682
12.206
8.81422
7.05149
7.53637
11.8611
14.3069
13.025
11.6325
11.9261
13.602
15.7747
13.5615
15.0524
16.7828
17.3397
24.4139
19.6044
21.7979
21.8968
24.0704
20.6759
21.8204
0
0
0
0
0
12.719
10.1411
7.25079
6.38749
6.48672
9.6265
12.6075
13.2252
12.9961
12.1385
10.6539
12.9838
15.0027
16.1776
16.5414
17.1616
19.5198
19.8256
0
21.7773
21.8331
20.2524
21.3061
0
0
0
0
0
9.25229
7.77859
6.43075
6.4974
6.27938
8.4415
11.2276
12.6968
12.9636
12.4302
12.349
13.0107
15.3727
16.2748
16.6185
18.8998
20.1761
20.9604
0
21.5775
21.4148
20.2018
21.2602
0
0
0
0
0
8.13659
6.28766
6.43337
7.28532
9.41262
12.5676
13.4401
12.9535
12.6315
13.7414
13.338
13.8421
16.511
18.8911
21.5157
22.4845
22.8706
24.0792
22.8932
22.0438
24.6625
0
0
0
0
0
0
12.3334
8.15603
0
9.8923
13.8387
15.0932
14.7539
15.0175
15.5343
14.4545
12.8186
15.7914
20.1527
21.612
23.5585
0
25.6174
25.9467
23.2056
0
0
0
0
0
0
0
0
0
0
0
10.5571
13.5873
17.6754
18.6072
19.2012
18.885
14.7023
13.9132
13.4373
16.8203
19.7795
22.8231
0
25.2969
26.2121
0
0
0
0
0
0
0
0
0
0
0
12.3785
14.9501
16.5889
17.7799
17.372
15.4531
13.5517
11.9704
11.1291
12.3924
15.4409
19.6515
0
23.7519
0
0
0
0
0
0
0
0
0
6.66228
8.61182
11.2909
15.0077
16.5179
16.6144
14.0005
10.1481
8.61061
11.2488
11.5521
9.71419
11.1744
15.1247
17.0593
0
0
0
0
0
0
0
0
0
5.84474
6.46507
8.6545
11.6577
13.4819
11.672
10.9843
8.28611
7.69272
12.2334
13.708
9.32585
8.89157
12.2286
0
0
0
0
0
0
0
0
0
0
0
0
9.06847
9.69315
9.72965
8.99237
10.4336
9.52549
9.39047
13.3969
12.6756
10.5827
11.8511
14.8031
0
0
0
0
0
0
0
0
0
7.99913
6.88315
11.2319
9.74238
7.41387
6.78838
9.43614
9.56708
9.59741
12.2587
11.9007
11.7909
13.8
17.1377
0
18.8094
0
0
0
0
0
0
0
0
16.2414
16.3023
16.893
11.5485
8.7316
6.43335
9.0445
10.2609
10.0519
12.7938
10.2199
10.5137
14.3204
16.7931
0
20.2432
0
0
0
0
0
0
0
0
25.1313
26.5723
27.9306
22.8861
15.631
11.9413
9.65648
10.2926
11.4215
10.7622
12.3704
9.79731
10.7379
12.2316
15.6858
0
0
0
0
0
0
0
0
0
0
0
24.1198
20.1485
12.0645
13.251
13.0157
13.27
15.0769
14.1301
14.5376
13.478
10.2712
11.5734
17.378
0
0
0
0
0
0
0
0
0
0
0
18.7161
15.6867
9.4203
10.1841
18.0891
20.8611
20.9607
24.4621
20.2035
16.5034
8.73748
12.3783
20.5653
24.4798
0
0
0
0
0
0
0
0
0
0
0
0
13.5555
11.2989
5.48548
6.51323
18.8381
24.39
29.579
28.0979
21.5911
15.1018
7.04613
18.8187
25.1021
29.9351
0
0
0
0
0
0
0
0
0
0
0
0
0
23.9326
11.8191
6.20902
3.96599
15.5378
24.0233
29.4896
27.8005
20.9382
11.7967
4.00715
15.7367
18.5632
0
0
0
0
0
0
0
0
0
0
0
0
0
18.1557
20.9375
19.8684
16.0027
15.7936
19.8865
25.15
22.2697
15.6556
10.5136
10.5969
7.51597
17.6675
1.46787
0
0
0
0
0
0
0
0
0
0
0
0
0
19.8151
20.33
16.2722
16.0547
19.7577
17.53
15.4145
19.6581
20.9901
20.4587
21.7954
0
0
0
0
0
0
0
0
0
0
0
0
0
0
12.5024
16.1855
17.3115
16.2798
12.8592
14.6218
15.7597
16.4401
20.0437
20.2281
20.1464
21.3801
0
0
0
0
0
0
0
0
0
0
0
0
0
7.21452
11.1928
12.5779
11.6983
13.5996
15.91
17.856
12.7584
13.8458
14.0182
13.1247
0
0
0
0
0
0
0
0
0
0
0
0
14.6497
16.0207
13.9401
15.1205
16.2299
18.6145
14.2295
8.27357
11.206
13.5943
0
0
0
0
0
0
0
0
0
0
18.3411
22.5474
9.68063
11.9996
12.041
20.3036
0
5.90473
0
0
8.27634
7.22363
7.39321
8.73639
20.2017
0
0
0
0
0
0
0
0
0
0
0
0
0
0
0
0
8.83955
0
0
0
21.3589
18.2293
21.9947
0
21.0884
19.8151
15.3663
20.1255
14.07
12.9916
13.1341
13.7105
12.7609
11.2996
13.4914
10.9791
11.8606
15.7791
14.3923
12.1586
10.8685
11.9427
9.2693
9.0627
6.70565
13.9036
0
0
24.4189
0
0
0
16.8399
0
15.3395
0
21.985
22.0977
22.8403
17.5473
18.4898
17.0128
13.5331
5.85328
11.2876
11.2718
15.7765
15.6914
15.0241
166.467
173.485
216.039
203.821
0
776.795
811.853
128.135
167.451
0
0
0
90.7545
130.632
94.3614
131.275
7.87691
0
