0
0
0
0
12.4345
13.8801
16.2232
14.3334
11.9508
11.9484
0
0
15.1818
13.7917
15.6658
13.6421
11.7796
16.0584
15.1302
0
13.0874
15.5336
14.4332
0
18.3675
14.8296
0
0
0
15.6008
12.934
0
0
0
0
22.3246
19.7866
16.005
13.2038
10.8566
0
0
0
0
0
17.8724
18.962
10.3029
8.047
0
0
0
0
0
15.7012
17.3995
14.9619
9.57373
0
0
0
0
0
12.6648
0
15.6196
12.8044
7.88119
7.47725
9.15998
0
0
0
0
0
10.3976
9.71721
13.9903
10.9384
8.64991
10.7202
0
0
0
0
0
8.70016
8.36976
13.2924
9.27349
8.5011
10.0392
12.1049
0
0
0
0
0
8.31037
7.7883
7.09429
12.783
9.80707
9.18617
12.3297
0
0
10.3591
10.925
8.05857
10.0023
10.2396
13.0083
0
0
0
0
0
0
0
0
0
0
0
0
0
2.69301
2.82569
0
3.99378
0
0
0
0
0
4.17025
4.03792
0
0
0
0
5.26849
8.63837
0
0
0
0
0
0
0
0
0
0
0
0
0
0
0
0
0
0
10.9467
7.27241
0
0
0
0
0
0
8.89653
12.3027
13.5808
0
0
0
0
0
0
0
13.5556
12.3982
16.3458
0
0
0
0
0
0
0
17.1342
16.5601
18.9571
0
24.7635
0
0
0
0
0
20.3611
20.3328
22.4754
26.2146
26.0237
0
0
0
0
0
0
0
13.2155
13.038
11.3835
13.1057
10.2772
10.5802
10.9371
10.5039
10.3577
11.902
12.7085
10.141
11.4797
11.1887
10.2251
4.77565
6.01842
3.11167
2.35051
8.52611
9.61457
18.4203
22.7253
38.211
32.227
64.18
63.5319
12.1203
7.84356
11.5564
15.7102
8.4912
13.9869
14.1535
18.085
43.074
16.8936
24.4496
22.8666
23.4307
16.4415
16.6827
15.22
16.6589
0
10.7227
14.2883
14.8114
296.766
12.2913
0
12.8536
10.2899
0
0
0
0
0
0
0
0
0
0
0
0
0
0
0
0
25.6071
0
0
0
0
0
22.5004
0
0
20.978
0
0
0
0
0
0
0
0
0
0
0
0
0
0
0
0
0
0
0
0
0
0
0
0
0
0
0
0
0
0
0
0
0
0
0
0
0
0
0
0
0
0
0
0
0
0
0
12.9138
9.05591
12.3855
14.6839
17.5931
16.013
16.6382
17.5481
14.3966
12.6335
8.68451
11.05
13.5156
16.8874
19.4174
18.4942
16.107
12.6471
11.4781
19.6375
17.0602
14.4359
12.9734
13.2217
15.4871
19.8927
22.8146
23.0101
20.4764
17.6819
17.0804
14.3724
11.6137
18.2112
14.0343
23.6147
26.9876
29.0849
27.8494
24.5854
22.614
16.4934
17.6031
14.2252
10.7431
9.85923
11.0595
11.4235
14.8623
16.8263
7.07694
6.8884
6.80571
6.54601
6.30429
5.66776
3.48627
4.63122
6.12478
5.32198
5.689
7.27054
5.52029
9.25334
12.7637
11.5636
10.1955
10.8769
10.5688
9.14906
7.71512
7.36332
8.24899
9.31779
9.09081
9.14713
8.8484
12.0229
16.7357
8.29699
9.44593
18.057
16.2109
16.3923
15.0332
21.5188
20.3302
20.9267
17.1715
12.8234
10.6668
0
0
9.89024
10.1704
12.0085
19.7837
20.6406
22.448
21.2517
20.5366
0
0
0
0
0
0
0
0
0
0
0
0
0
0
0
0
0
0
0
0
0
0
0
0
0
0
0
0
0
0
0
0
0
0
0
0
0
0
0
0
0
0
0
0
0
0
0
0
0
0
0
0
0
0
0
0
0
0
0
0
0
0
0
0
0
0
0
0
0
0
0
0
0
0
0
0
0
0
0
11.0384
13.2373
14.2568
13.593
12.5591
7.61148
0
0
16.1709
17.3738
18.193
13.0905
20.2019
19.687
17.9274
17.259
9.49301
10.6495
13.6377
5.03137
6.72222
10.8683
0
0
11.5062
0
5.04086
16.8668
12.4564
10.5972
0
0
0
12.9388
14.3649
14.5895
4.92523
12.8007
27.1636
614.24
35.5316
0
27.1962
31.336
33.8869
26.7224
29.5665
17.5263
21.5216
24.6928
30.6511
19.8949
24.1667
17.1178
11.115
5.99074
4.40889
0
13.1319
19.7699
0
0
0
0
0
0
15.0862
8.87028
10.9147
0
0
0
13.3774
11.3379
5.24426
9.51212
0
0
0
0
12.4505
10.6997
5.92184
4.89031
7.35915
0
0
0
11.0293
10.4311
8.49011
4.40723
5.9386
0
7.92094
11.9257
8.72919
6.32341
3.0278
0
0
0
0
0
0
7.96508
10.3734
9.57858
8.55427
4.97141
0
0
12.8112
12.9519
11.0127
7.72651
0
0
11.8029
13.0386
13.424
13.2936
9.62329
0
0
0
0
0
0
0
7.07882
0
5.19393
4.36294
4.50124
3.26561
3.1393
0
0
3.45855
3.11646
4.28494
4.21188
2.9676
3.12015
0
4.11418
3.44172
5.5043
5.81295
5.12984
5.53817
7.51988
4.147
5.79889
4.69872
4.95808
3.41021
2.84907
4.79413
2.82507
1.86639
6.49964
4.54221
2.04793
5.4244
3.94902
2.77405
2.85215
0
4.1815
5.44619
0
0
5.43841
0
0
0
3.98137
5.09892
5.76116
5.1073
5.02971
3.3656
5.76003
4.74232
2.42335
0
0
0
0
0
0
0
0
0
0
3.38222
3.4792
5.76399
7.37201
0
0
0
0
0
0
0
0
0
0
2.38665
2.58975
3.09078
0
2.66884
2.02344
2.69021
0
0
0
0
0
6.01075
3.73967
4.78774
0
0
4.17181
0
0
0
0
8.2758
6.33839
0
8.4094
0.534204
1.72709
3.24072
5.69394
2.81687
2.47859
3.7339
4.5102
4.5451
4.13904
6.30865
6.5973
4.69381
3.08285
3.98398
6.32275
5.35371
0
8.74958
0
0
0
0
0
0
0
0
0
0
0
0
0
16.8955
20.3744
0
0
0
12.8955
19.5492
23.7395
25.2319
0
0
0
0
0
14.5169
0
0
0
0
0
13.4927
13.3539
13.5676
14.1924
11.6835
10.7739
26.6293
27.0158
33.6198
31.0466
29.5059
28.7977
28.128
0
26.9387
0
0
0
0
0
0
0
0
14.1909
14.1921
14.7469
15.6667
14.1723
12.5497
15.0124
19.6934
21.6038
24.8219
28.393
32.772
32.7287
31.9292
30.6904
29.7793
0
29.5797
0
0
0
0
0
0
0
0
0
0
15.0777
14.7756
16.247
16.3721
14.9307
14.3273
16.8203
19.7803
22.1187
25.3163
29.3848
33.0278
32.824
32.0651
32.191
30.8771
0
0
0
0
0
0
0
0
0
0
0
0
17.1126
16.9432
18.231
17.4411
15.5624
14.3296
16.3875
20.2376
22.455
26.3237
31.153
33.6577
33.7759
33.2069
32.7902
31.9484
0
31.865
31.0495
0
0
0
0
0
0
0
0
0
19.2353
19.7574
19.7243
16.871
13.7867
15.2623
18.9832
21.4446
25.3944
30.7948
32.9085
33.2977
33.2317
33.4727
32.947
31.4361
29.7612
0
0
0
0
0
0
0
0
0
21.6933
0
20.6315
17.6786
14.0852
13.1962
15.2097
17.2257
21.7865
27.4774
30.4418
30.9062
31.6959
32.5541
32.7133
30.0351
27.5869
0
0
0
0
0
0
0
0
0
24.0313
24.2349
0
21.2456
17.8776
13.8041
11.0711
10.1088
12.0984
15.7688
21.1146
23.8252
26.9832
27.8016
29.0459
26.7399
25.4759
22.4369
0
0
0
0
0
0
0
0
0
24.6046
25.2826
23.1547
18.5119
13.5331
9.82571
6.3317
6.21164
9.18376
12.197
15.6113
19.862
21.475
21.1902
0
16.0771
0
0
0
0
0
0
0
0
0
24.191
26.5263
24.0557
20.3575
16.1334
13.9571
11.3158
10.2477
9.85383
8.38479
8.03703
10.1292
11.5994
11.1992
9.06455
11.0134
0
0
0
0
0
0
0
0
17.965
19.6624
19.6876
18.7289
17.0123
16.0954
15.0182
13.9097
12.8594
10.2442
7.36355
4.87409
3.61569
4.14733
0
7.3386
12.0476
0
0
0
0
0
0
0
10.8808
0
12.3037
14.8939
15.8126
16.8434
17.232
16.1708
14.6784
12.4638
10.0044
6.9928
5.58138
7.83593
0
0
0
0
0
0
0
0
0
5.81365
6.58581
5.97631
9.13817
12.5844
15.3925
17.5734
16.0702
14.7501
13.6515
11.4684
7.3909
5.25161
7.8227
0
0
0
0
0
0
0
0
0
0
8.95281
0
2.43231
4.56618
9.01447
12.12
14.65
14.2452
12.9014
11.8027
9.20452
4.75807
3.2199
6.22991
0
7.34676
9.11749
0
0
0
0
0
0
0
0
0
8.68576
5.96709
4.37647
6.23534
9.47947
12.2898
11.9868
10.8852
10.2286
7.27868
4.4519
5.43749
7.89681
0
7.85984
8.52195
0
0
0
0
0
0
0
0
12.1522
8.46769
5.80088
5.85498
7.40422
10.7002
10.8254
9.66646
9.10833
7.39167
6.84276
8.3498
9.74338
0
0
0
0
0
0
0
0
0
0
0
13.7328
11.2371
8.5673
6.49375
6.53438
9.78755
11.138
9.80758
9.29582
8.20934
8.29713
9.64497
10.5134
11.2656
0
0
0
0
0
0
0
0
0
0
0
0
14.0494
11.7952
10.9594
8.33077
6.3541
8.21966
10.1675
8.84156
8.95035
9.25227
11.3561
12.7617
12.2396
15.0433
0
0
0
0
0
0
0
0
0
0
0
0
0
10.9014
6.60267
9.19349
9.13057
6.70842
6.44906
7.35191
6.79328
7.80957
10.3116
13.179
12.1756
9.2316
0
0
0
0
0
0
0
0
0
0
0
0
0
2.98355
5.51231
2.97922
2.46903
4.09709
4.77443
5.06468
4.88551
5.72456
10.5587
12.4065
8.25924
11.3527
12.8086
0
0
0
0
0
0
0
0
0
0
0
0
0
5.51321
5.5531
2.25449
2.05564
2.91871
3.73388
5.88399
13.3789
15.9482
14.3645
11.6536
0
0
0
0
0
0
0
0
0
0
0
0
0
0
4.78421
6.50509
6.83389
5.31441
3.70585
1.49774
4.64522
9.41397
14.663
16.1539
14.017
12.2275
0
0
0
0
0
0
0
0
0
0
0
0
0
5.76158
6.7139
5.38926
4.76223
1.66426
4.57089
9.35455
12.9361
13.253
12.3183
11.1009
0
0
0
0
0
0
0
0
0
0
0
0
8.51023
8.61728
4.79673
3.0967
4.25644
7.02317
9.88585
9.38947
11.1185
11.302
0
0
0
0
0
0
0
0
0
0
12.88
13.7167
13.6078
12.4274
13.5836
16.5581
9.85859
7.04726
0
0
4.98062
5.24176
5.93729
4.73174
5.76097
0
0
0
0
0
0
0
0
0
0
0
0
0
0
0
0
22.1
0
0
0
0
0
0
0
28.5786
28.8314
26.0275
26.3736
26.7046
23.3543
23.2754
27.376
25.4636
21.388
23.9702
26.7274
20.2431
21.2127
21.0952
19.0254
16.0988
20.13
15.6381
15.536
20.3335
24.7713
0
0
0
0
0
0
0
0
27.1385
0
0
0
15.7679
13.5834
19.3396
14.3344
19.7843
18.5909
17.5341
17.1832
15.5509
11.1248
11.5023
0
123.162
0
0
0
0
0
76.8398
96.7567
0
0
0
91.2216
109.564
98.7861
104.137
0
800.875
