17.5701
7.21111
5.4349
4.84397
4.17407
4.24883
6.23384
6.21373
7.50713
9.13959
8.95674
7.93117
7.81689
7.70087
8.95344
9.00503
10.3932
10.4922
10.2246
10.6702
10.6796
12.4822
10.22
0
0
0
0
12.9433
14.6064
0
0
13.5675
13.5529
13.5519
11.6859
9.11843
4.92564
0
0
0
13.3873
14.6464
13.8638
11.0951
7.33678
5.18497
6.13819
0
0
19.0393
15.1869
14.058
11.7884
10.5638
11.1887
6.39751
8.29663
0
20.1599
15.9201
12.9744
12.8138
13.4055
15.1316
0
7.16862
8.45172
0
0
0
21.8561
17.8788
13.5506
14.1557
15.4441
15.5256
13.536
9.56415
9.00542
0
0
0
20.3871
15.3213
14.5187
16.3316
15.7145
17.0031
12.1674
9.38935
12.6138
0
0
0
25.9668
22.7788
16.493
14.7676
16.7124
16.572
18.2908
13.8412
12.7203
13.5928
0
29.4293
14.584
17.3873
18.7615
18.5496
14.0991
0
0
0
0
0
0
0
0
0
0
29.5252
21.8155
19.0617
0
0
5.82675
6.31071
0
6.34496
6.28334
0
9.82428
10.1135
11.4884
7.84583
7.81912
12.0812
13.808
0
0
10.3731
9.49004
13.6589
16.0007
0
14.6313
19.642
0
14.7738
21.8037
20.3411
0
13.8226
15.8675
17.345
18.5696
0
13.8009
15.3986
15.6873
7.04321
5.42405
13.9127
11.13
10.6553
10.1536
10.0818
0
6.12982
9.02983
10.6437
0
15.1961
10.2796
8.5412
7.30809
8.46169
0
5.42361
7.58245
11.4993
0
15.5222
9.27929
7.87972
8.22376
9.83378
15.5574
7.0861
8.81346
11.7201
14.8964
14.7507
9.56804
8.30117
10.5719
12.7355
19.2436
8.92904
10.1867
13.2817
14.1331
12.367
8.00539
13.1002
20.2762
23.3086
30.7821
23.751
15.9806
17.247
20.2199
19.4002
16.2642
15.8643
0
10.9035
9.57773
7.82597
6.21925
5.28222
0
5.06317
4.72046
0
0
5.00378
6.46668
0
7.89535
8.42951
10.8171
9.57754
13.5119
15.873
0
18.4215
5.32271
5.72514
4.45247
4.52124
6.60534
7.84108
9.05926
0
0
0
0
5.47627
6.91068
7.15646
5.52151
4.96767
3.45921
0
0
0
0
0
0
0
15.7448
15.5666
0
17.7591
0
15.3243
9.66374
12.3577
13.2392
14.5884
16.2448
0
0
13.4875
19.9657
0
8.52889
12.2138
13.0485
12.427
12.906
14.5779
0
0
12.2135
12.9965
10.5117
8.52831
0
8.77403
0
0
10.2887
0
0
0
0
0
0
0
0
11.8492
10.4489
13.406
14.463
10.3621
0
9.47374
12.2105
0
0
9.34805
4.51309
4.72364
5.45249
0
10.1461
12.452
0
0
0
0
22.6971
23.7398
25.6067
28.9617
25.9285
33.2863
14.051
13.792
16.7596
22.398
0
0
0
6.77612
5.64245
7.86569
5.65897
8.53073
10.1701
18.9219
11.8156
12.5464
15.5998
12.8252
11.5261
10.413
0
0
18.3038
18.081
16.8296
13.7555
7.56259
5.49553
0
0
0
0
0
0
0
14.4649
13.1532
13.424
0
0
0
0
0
0
0
0
14.1459
12.6963
12.1022
0
0
0
0
0
0
0
0
7.68021
7.11381
5.26289
4.16917
4.44901
5.83638
7.39113
9.04934
7.5527
10.2322
11.3538
14.5504
12.8744
11.7808
15.2763
13.4587
10.3448
7.93182
6.7493
5.37802
6.28179
7.99931
10.5278
14.3516
9.86206
13.5144
16.4841
17.0877
0
0
0
0
9.31886
7.21868
4.31146
10.0455
6.73993
0
0
3.70792
4.99328
0
0
7.09648
17.5742
19.7494
2.9641
5.2227
10.3509
9.51483
7.79177
15.3496
15.0964
10.5652
22.5761
18.8095
13.1514
29.6258
25.72
13.3335
14.0447
13.858
14.5886
39.592
33.4062
9.41509
9.16268
7.55041
7.054
6.77104
8.51216
13.4452
6.69496
6.03138
5.29226
7.03268
6.22039
4.43878
4.23439
5.92372
6.92333
7.44081
6.54759
0
0
0
0
12.2613
11.3925
9.83956
8.40365
6.78782
5.73941
4.45497
4.26368
5.19562
6.15344
8.37468
0
12.275
10.0344
8.37474
7.3899
5.08599
3.78585
5.09198
7.00074
8.47505
10.2387
0
0
0
10.2714
13.5063
10.3138
0
0
0
0
13.9956
21.2775
13.9374
15.7971
22.2032
23.1513
19.5692
10.5456
12.4175
0
0
0
0
0
10.4836
11.1196
0
0
0
0
0
12.6288
14.9042
0
0
9.92894
8.68653
18.9825
6.3321
5.86619
21.9049
0
5.57032
0
554.938
19.5012
0
9.32365
0
0
0
0
0
0
0
25.2289
8.11926
18.7116
15.3859
39.3582
595.097
0
0
35.0908
46.3307
51.4175
41.1519
45.2835
25.6702
35.8036
39.2102
45.4726
32.9148
32.5386
29.4302
21.3275
16.5226
14.0679
20.4402
25.6447
24.6245
19.9027
14.4545
0
0
0
0
20.0158
20.6924
22.8541
0
0
0
0
12.0745
16.7907
19.8559
0
13.9476
11.0657
11.9546
6.02074
10.1874
13.0231
15.4627
14.9516
8.38661
9.54137
9.79719
7.53759
7.83185
9.91206
10.6752
0
8.20716
8.31739
8.62542
9.41171
8.23133
0
11.5836
16.5899
7.57285
9.54847
0
0
7.25231
7.48887
9.05391
0
0
15.2294
8.95524
8.55127
8.13976
0
0
13.7135
17.8181
0
10.9766
9.73175
8.16198
5.91283
0
0
11.8271
10.6624
0
0
14.5905
0
0
14.1813
0
11.7161
4.24101
5.06949
9.81884
8.49054
0
3.4781
6.95303
4.6809
3.4094
5.57156
8.47004
6.45779
0
3.27571
5.31138
6.17282
3.91917
4.13617
9.00597
8.00383
8.75927
7.68105
8.63589
8.43185
7.73803
10.1288
10.6665
12.7824
13.6196
0
10.3054
0
12.4505
14.4559
10.6018
12.0022
13.209
0
0
12.9193
0
0
0
0
0
0
12.07
10.7973
12.6962
0
0
11.9157
8.88124
9.16441
11.4464
7.30285
7.33928
0
9.17119
7.64271
0
0
0
0
0
9.22985
0
0
3.94122
6.90642
3.37968
0
4.27036
0
0
8.13974
7.1036
6.44079
8.25856
8.06595
6.90255
8.36536
9.24768
8.33903
7.13481
0
0
8.35539
10.3116
0
0
8.98394
10.8368
7.2129
0
9.68946
11.5872
0
0
0
0
0
11.2223
13.5673
12.6693
11.089
0
8.7553
0
13.9797
6.92919
0
0
0
8.05676
10.4501
7.17907
9.05309
13.062
0
11.0414
9.33827
10.6573
8.94346
9.23013
9.64048
9.33651
9.54703
19.6043
0
0
24.5125
28.5249
33.7803
26.3104
31.3372
38.9099
44.4229
36.165
20.4845
26.0181
30.9362
31.3588
41.1354
37.7537
46.4188
7.51434
4.53731
22.0195
49.4558
27.8964
27.7353
23.7817
16.2248
16.6949
20.5927
19.8744
16.3367
15.1793
17.2734
0
0
0
12.0377
12.6677
12.0732
12.2047
13.1161
11.8162
8.22675
16.3863
22.8274
25.6586
32.2615
37.3308
21.3797
16.6001
16.2296
20.2779
18.8546
15.5922
14.548
15.623
15.8569
16.1371
0
22.3488
0
10.7529
13.2125
15.0317
12.9376
14.8235
14.8877
13.9127
10.0628
19.9027
17.9779
17.2291
17.7023
20.6926
20.949
21.5668
18.8577
15.9821
13.8037
0
16.2131
14.4038
14.993
17.1362
14.727
11.9451
10.3688
9.98148
11.4153
12.299
15.2861
16.1796
14.4996
13.9251
0
10.7493
8.07725
11.3854
12.7389
12.1711
11.5492
12.5085
15.2282
18.6332
13.7439
16.0103
14.1689
0
14.351
12.8532
13.8975
16.1821
15.2371
12.9697
13.4129
13.6745
13.8272
13.9669
14.9889
14.4795
10.5454
11.807
0
9.99768
6.45634
7.49728
7.67119
7.31686
7.66657
9.11076
11.1652
13.8346
10.591
13.0429
13.4653
12.2678
12.0389
13.0472
15.1055
16.1055
15.2579
15.3034
15.1834
16.1437
14.1825
12.374
9.8022
6.52568
9.33336
9.84521
2.88703
4.3857
3.90191
5.49539
7.07055
7.92088
8.43324
8.376
6.85653
7.92882
11.0646
0
11.3711
12.1755
13.8012
15.6087
16.1629
15.144
14.6569
15.8951
12.3255
9.67122
6.4732
5.54734
10.8802
5.95798
2.18709
4.00401
5.88298
9.37799
12.2121
12.8334
13.2868
9.87049
8.99818
6.43675
3.4194
6.7217
0
8.50748
9.82475
13.5655
14.2226
14.6196
13.6272
12.6246
11.6963
8.40299
5.77131
6.56786
7.82524
0
8.16227
7.85476
8.54697
11.0848
13.749
15.4996
14.3961
16.5492
14.2683
16.4564
9.79258
4.29764
3.53668
6.72103
8.2134
9.46224
10.9746
11.8297
11.7119
10.811
8.83152
6.13159
4.91754
7.88006
10.3794
0
12.1634
15.0982
16.7672
18.5495
18.7202
18.4996
19.74
20.4563
20.3979
14.8628
9.69402
5.24134
6.29958
8.46989
9.29438
10.4532
12.164
13.632
13.578
11.5581
9.8607
9.22653
10.9622
13.092
16.5831
16.6439
18.6919
19.9993
20.7142
23.9256
22.8849
22.4254
22.3963
18.12
13.1235
0
7.7259
9.59725
11.8024
13.8181
15.5199
16.503
16.3389
15.0045
13.5041
11.6314
12.1056
13.04
0
15.4217
16.4131
18.4268
19.6717
22.276
24.4294
22.5777
20.3895
18.1826
15.6671
0
9.36608
9.86684
13.1617
16.434
18.0246
18.0913
17.5916
16.9468
15.5687
12.6614
11.0938
10.0767
0
11.214
11.8582
14.5486
16.4607
20.1004
22.3474
21.816
16.1164
14.486
12.3349
9.77032
9.3311
12.5801
16.2532
17.2607
17.3281
16.5589
16.2403
14.0209
10.7208
6.88059
4.92982
0
6.42144
6.55231
8.447
11.3835
12.5278
16.1199
16.3664
16.8933
13.306
13.4487
13.1471
9.91793
8.86754
11.1944
13.53
14.1412
14.4165
13.7327
12.8874
9.94883
6.96533
2.34929
0.910494
0
3.81638
2.41252
3.57929
6.00306
5.28614
9.00328
11.7321
12.3461
10.1355
11.2417
13.474
12.6736
9.51652
8.33236
10.5635
12.3068
13.1251
12.5188
11.6547
10.3
7.62167
4.75625
3.48109
4.40691
4.73846
4.89581
3.72252
5.08739
3.08869
3.6771
6.08277
8.12807
9.93592
11.6371
13.9359
8.45895
7.06403
8.12888
10.035
12.0487
12.5708
11.4227
10.3629
8.83951
6.12776
4.11398
3.95044
5.78211
6.03316
5.50296
5.76355
7.14107
7.90787
6.86671
5.52569
6.83848
6.7401
12.2892
15.5513
6.43853
5.88606
9.56204
11.3097
10.7711
11.0665
11.499
8.80678
7.67193
5.60956
4.88021
3.99512
5.98232
8.37884
5.46499
4.63629
7.37096
9.02354
10.0769
8.1905
6.76697
6.64425
5.36061
8.54631
12.1643
14.6982
5.39963
6.87834
10.2724
11.5187
10.9116
10.6982
10.6288
9.12387
7.81528
6.62322
6.54052
5.75648
8.31812
11.09
5.39595
7.28305
4.17741
5.14355
8.14542
10.2116
0
9.14522
7.56675
6.83906
10.6283
14.05
15.9961
11.4079
9.64346
10.717
10.7499
10.6671
9.99326
10.7957
9.53172
7.01131
7.0539
9.0391
9.21918
11.689
2.63167
8.17564
7.41202
6.41758
7.88831
10.9053
0
11.159
10.3316
11.3769
15.7402
15.6831
9.60372
12.465
15.3067
12.9122
7.25944
8.32056
9.13239
11.399
8.25305
6.10552
6.49179
8.35785
12.8277
12.0395
10.8652
6.44981
8.92425
7.77766
9.11235
11.5571
0
12.2191
12.2768
13.6446
15.9081
12.0144
7.58492
0
17.3412
11.4567
8.09438
5.79037
9.74734
6.12167
6.8164
9.37046
11.271
15.3187
12.4607
0
8.04107
9.26726
8.93919
10.7314
12.1919
0
12.0012
12.1116
12.7803
11.7145
11.7559
8.85784
0
0
21.2068
16.9513
12.2182
5.34427
7.38384
5.22785
10.1688
15.3772
17.3893
18.991
0
0
17.3531
16.1354
10.8212
12.4204
14.6304
0
11.9567
11.045
10.968
8.89125
18.4925
14.6952
0
19.8601
12.2778
5.79309
8.80574
5.90683
12.8231
19.5854
21.6062
0
0
24.6275
22.5117
14.2794
15.273
15.6747
0
0
0
11.4407
9.4129
20.5648
0
0
6.63085
6.98013
11.1828
10.9436
11.2104
20.5249
0
0
0
29.7177
0
0
0
0
0
0
0
0
0
0
0
0
0
0
13.2156
0
0
0
0
0
0
0
0
21.0729
0
7.55741
0
0
5.95939
0.973812
5.18581
7.70327
9.23388
0
8.5114
7.30448
5.25
5.22876
0
418.522
9.00061
23.4236
26.1276
23.5159
22.2025
17.0915
9.43983
0
14.1342
14.5283
11.3028
11.5047
11.0068
9.8506
10.3752
10.9014
0
0
9.71024
0
0
0
0
0
0
0
0
0
12.6074
13.1572
4.5002
7.72777
0
0
0
0
0
0
0
0
0
0
0
0
0
0
0
0
0
16.2593
0
0
0
0
0
0
0
0
0
0
0
0
0
0
0
0
0
0
0
0
0
