2.51459
5.89708
6.33332
6.13953
6.36578
7.43524
9.55643
8.89914
7.82911
7.84695
5.08199
6.75038
9.338
8.31601
8.928
8.62994
7.28117
8.80095
7.9569
7.41231
6.17236
6.6966
4.10869
0
4.97358
1.68782
0
7.53433
9.36118
1.27685
1.46196
0
2.59536
6.9711
7.65892
7.11104
3.23613
3.47596
3.48884
4.29754
0
4.28727
6.42758
10.7763
8.54533
2.93123
2.6693
5.34858
6.09715
4.11971
4.92007
7.65915
12.0527
10.5956
6.95873
3.80173
5.38304
5.2421
0
5.03772
7.89919
11.2006
12.4024
9.78553
0
4.50703
6.60778
7.06004
7.80799
6.8597
6.29883
6.2564
7.9078
12.8167
14.643
10.569
6.37583
5.17024
7.85564
8.63895
7.52646
0
7.98202
9.98157
11.5793
13.9539
11.4075
4.12572
6.68809
8.11355
9.97078
9.54947
8.83081
0
5.22823
9.15203
10.4082
11.1273
12.5252
10.8906
4.6484
6.73898
9.82127
9.75455
11.1565
6.02168
10.6871
11.3315
9.36681
2.73085
8.61455
10.27
10.7535
0
0
0
0
0
0
0
0
5.84771
3.16932
2.3684
4.60671
4.15745
5.12717
4.30867
4.24631
6.25596
4.85249
4.27132
4.84115
4.10199
3.56041
7.41429
6.85104
5.10444
5.04372
4.34269
3.68075
6.77288
6.06001
5.68675
5.74611
4.45221
5.67535
6.3118
0
6.13018
8.9491
5.76942
1.67274
6.59019
8.13675
6.41433
5.68616
0
10.4621
9.07698
2.52508
5.91249
4.45161
12.189
12.4778
10.6141
4.24614
6.15853
0
4.68358
4.38121
4.06264
0
12.8588
12.219
9.08748
4.92462
6.21743
0
7.77104
5.33476
3.5339
0
12.0596
12.0683
8.6465
6.09559
5.52203
8.30747
8.50835
6.12561
3.18135
6.89383
11.4323
14.4257
11.1336
7.97184
5.55573
8.0416
7.81966
3.81193
2.2722
5.08596
9.22747
10.6657
12.024
9.66179
6.70504
8.15244
9.61466
8.28926
7.99855
7.55096
2.56891
4.64493
6.0497
8.15708
6.77084
6.99831
7.03079
7.4251
7.38856
6.80183
7.09773
6.82013
6.31604
5.71641
6.26055
5.99419
0
5.31847
5.68541
5.23792
4.65129
2.78669
6.69503
0
6.29684
6.95722
6.25606
5.75886
5.26501
6.20847
6.19672
6.83795
0
0
0
0
6.04905
6.78009
8.16491
9.02879
8.3342
10.3303
0
11.0502
11.7548
10.3022
0
7.79808
0
4.58559
7.72066
5.37261
5.83287
5.25766
8.56203
10.961
3.29315
5.56718
5.28807
2.98015
5.18643
3.04167
10.5396
9.96949
5.43767
14.2711
12.7551
10.2541
10.0013
8.0868
6.23337
3.05785
2.8539
3.9239
3.23504
3.83773
3.75227
0
3.84723
3.51481
0
3.63221
3.06456
3.0859
3.32944
3.54796
3.53411
3.59326
4.22904
3.94659
4.71384
4.91922
5.39292
5.33465
4.49888
4.61952
5.04779
5.09037
7.12815
7.04284
5.22925
4.6969
4.37502
4.15434
4.72448
5.08788
5.43528
0
0
5.16034
6.07909
2.62036
3.85162
3.46526
3.74055
3.48055
4.00527
0.468498
1.42327
2.18889
3.64754
0
0
0
2.64038
4.56822
3.78945
0.413695
2.44039
1.14213
3.94745
3.58464
4.81151
5.7006
6.11192
5.53899
5.05821
2.86512
0.721883
3.22008
5.351
6.45559
6.38816
9.78803
9.85383
9.66586
8.50702
8.26333
6.9017
5.34452
3.10691
1.20033
3.33294
4.23851
9.77201
10.9681
8.84791
6.94303
8.4847
5.26105
3.2348
1.20152
1.12948
3.28571
3.37362
4.93923
8.07001
9.59567
8.17105
7.83624
8.98391
0
8.91675
12.979
5.94856
6.8073
6.12744
5.18566
4.43534
3.4344
4.15548
4.55809
3.78563
5.2577
5.83374
5.69832
5.1213
6.78625
7.06309
8.51777
6.36212
6.59019
5.79243
5.04336
4.44399
4.19277
4.84289
6.31812
4.89843
4.84337
5.46488
7.1684
0
0
0
0
5.62204
6.18249
5.4766
4.45961
4.66501
0
0
5.03927
4.16424
0
0
4.39043
9.22294
8.77823
1.03626
3.64572
6.92902
6.9552
5.54541
9.43475
7.63181
7.43609
11.9762
10.9803
6.22988
10.025
9.56245
0
0
0
6.40805
6.85664
6.64143
6.90593
7.43724
7.54172
7.17242
8.48174
6.15597
7.32916
6.18413
6.33795
6.02464
5.95192
6.30032
6.56577
6.21759
6.63472
6.9445
6.35075
7.42298
6.19436
0
0
0
6.07923
6.75097
5.15522
4.69698
5.84961
4.32678
4.56368
5.33794
5.75497
5.62496
5.83805
4.19777
5.48022
4.97223
5.41476
5.00667
5.10808
5.29629
0
0
5.1188
5.15584
0
0
0
5.91134
5.77007
4.70444
4.40841
0
0
4.79819
5.62709
4.00998
4.50592
4.17825
4.46044
6.45595
5.79381
4.85852
5.29217
0
0
3.36245
2.14558
2.18499
4.06195
4.8235
8.48942
0
0
3.13715
2.42435
7.52664
5.38434
4.23151
5.97905
7.16168
7.88213
1.38585
6.40823
7.95678
5.43635
0
7.07022
0
0
17.1342
0
8.12066
0
7.41491
11.5847
0
0
11.8526
9.95512
11.2208
8.68219
10.9005
7.58225
14.0473
0
0
0
0
10.4608
13.2579
11.9091
13.3967
0
13.46
13.8476
14.7393
13.3145
12.7764
14.8707
0
13.6286
14.8647
0
16.2684
9.85315
12.6458
15.8672
0
14.1952
16.5422
0
8.1578
10.1898
17.5429
0
13.7472
0
0
7.62661
11.1939
16.385
0
15.0138
12.2788
9.63946
9.59917
7.64789
8.34682
12.2973
15.054
11.9792
12.2106
11.759
10.0704
8.30709
6.96261
7.72402
11.7209
9.16301
10.9104
8.91739
7.2335
5.55816
8.57141
6.81409
4.2816
12.306
14.2116
0
0
11.8793
10.1171
7.9866
5.24927
5.92656
6.48235
10.7148
11.6608
8.80281
6.78366
4.69351
9.94258
4.25361
8.3511
8.71019
9.92941
9.65157
12.5419
5.68155
0
7.14846
0
0
0
4.21822
5.68907
0
4.57582
5.04759
4.46333
3.52012
0
4.83344
0
4.43471
3.5129
0
0
3.72329
4.61455
0
4.48903
3.67672
3.36213
0
3.53275
2.88293
0
4.05345
3.21353
3.75736
3.52514
3.08449
4.81971
2.49418
3.29565
4.34536
5.73065
4.22511
0
5.24497
0
7.21704
7.95705
7.52724
7.37869
8.18037
6.08224
6.55829
9.61802
6.60324
9.35942
20.269
13.4585
0
11.0012
9.99371
11.2296
6.50181
0
0
7.10023
7.22571
10.7929
7.76389
6.13391
7.04513
15.3156
13.8553
5.71025
0
0
0
0
0
6.98546
0
0
3.83341
6.81218
6.10506
0
8.38296
5.4939
0
5.03357
3.51009
3.98149
5.88203
5.87355
3.63502
3.61048
5.2283
7.93086
9.41196
5.1033
3.2887
0
0
5.04409
0
3.6121
3.10678
6.79171
0
8.68445
2.11989
0
0
0
0
7.43243
6.71531
5.54977
10.2912
9.82881
0
4.22
0
6.84683
5.82711
0
0
0
0
0
0
0
0
0
0
11.4386
16.9097
13.0903
12.5984
13.9936
6.58727
11.5562
5.87781
10.1739
3.57704
0
0
0
12.7527
13.1025
0
0
12.1379
12.0785
11.3549
0
10.9046
10.2671
9.97408
9.74068
5.10543
4.57985
12.6284
0
2.28155
5.43981
7.26727
6.34573
6.10928
5.96715
4.59142
6.10432
5.67716
4.99922
0
0
0
6.24104
5.30359
3.74537
2.14525
4.14453
7.96329
9.68039
11.2367
9.53848
7.19986
2.80762
5.72483
3.80779
3.5303
5.01262
4.40551
5.51365
7.07706
7.32382
4.77055
4.23786
6.94493
7.40891
7.71966
7.45696
4.91702
4.59039
4.57112
3.13223
7.05794
8.65076
9.06345
5.93363
5.7356
7.43154
6.37743
6.51626
6.00253
4.1919
1.61424
2.35757
2.92538
2.74133
4.11293
6.19921
6.95083
5.93168
4.33263
3.20408
5.11267
5.37472
2.7838
1.11113
2.94237
5.15381
5.48481
6.29801
5.66687
0
6.23064
7.96807
6.38822
6.25123
6.78721
7.74311
9.14213
5.83268
2.85857
4.2076
5.15332
4.4062
4.93969
7.97315
8.03465
6.51147
4.27968
3.95815
6.97085
8.15017
5.01757
3.50063
4.17379
3.4192
2.81126
5.10769
5.32185
0
4.48844
5.23021
4.8747
5.32739
6.04676
7.23556
8.52591
6.3008
4.3135
6.30884
7.58131
7.14291
6.70167
8.50707
7.16047
4.83978
5.97955
8.83505
9.41343
6.68486
5.93455
6.30487
3.87288
2.95275
4.27337
4.71021
3.99501
4.01385
4.41683
4.53223
5.19598
6.38769
7.38439
6.33444
5.95608
7.74804
8.54895
8.40434
0
9.25192
7.94188
6.3879
7.07008
9.98992
8.94233
6.93824
6.9547
7.00542
5.50953
5.587
5.63902
4.59938
3.75028
3.97843
4.05839
4.31815
5.25495
5.99895
6.02755
6.17645
6.62409
7.99832
7.40914
8.00108
8.33885
0
8.94441
8.2931
7.72116
8.58238
9.03954
8.38859
6.50684
6.81989
6.47692
6.62338
6.59888
6.80722
0
3.70402
3.76339
3.43359
4.66742
5.79461
6.15853
4.67537
5.42124
6.29381
7.26102
6.27352
6.88883
8.37936
7.73901
6.49983
6.09364
6.67447
6.2391
4.75886
4.02512
4.07175
4.35284
4.03504
4.74647
5.23953
0
3.12317
2.61809
6.16121
7.05199
7.06519
5.86656
6.26262
7.31763
9.65635
8.38191
8.34833
9.00065
8.34204
6.36437
4.72577
3.73101
2.27261
2.77976
4.25817
3.1866
2.73687
3.23825
4.20482
3.38569
4.02445
5.94768
8.67653
9.05619
9.03394
7.29789
8.38597
10.0803
11.9297
11.0129
10.9422
0
9.08441
6.15312
4.14787
2.39019
1.5664
3.4324
5.28272
4.44381
3.75518
4.15219
4.59179
5.48775
0
6.31063
7.9104
9.55796
9.61161
8.04253
8.75584
11.6164
12.3309
11.4016
11.2031
0
9.33658
6.39771
4.2196
2.84368
2.80989
4.14865
5.63199
4.93366
4.55708
4.89683
4.98023
5.76054
0
6.05792
7.46449
8.72005
9.32913
8.0253
9.38912
12.163
10.6345
10.5767
11.7398
8.65999
6.83787
4.86342
3.65008
4.7277
4.59091
5.4039
5.21617
5.18081
4.6749
3.45875
2.36114
0
4.02838
6.18588
7.44239
8.08431
8.02022
8.95358
11.0162
10.7894
8.37179
8.66483
8.79381
7.18329
6.37922
5.11531
3.93532
5.04875
4.75999
4.83776
4.56811
4.2746
3.27292
1.74075
2.15463
0
6.11567
7.38339
7.25147
7.31235
7.04506
8.07536
8.48361
8.05998
5.55632
6.7938
7.16752
0
6.40534
5.81801
5.56125
4.42075
4.73824
3.52698
2.55726
2.77561
2.6345
1.69377
1.66108
4.40771
6.24346
7.48546
8.4985
7.11714
6.61276
7.16583
6.25382
5.48637
5.68513
5.36701
5.62481
12.4399
6.45937
5.60149
5.71252
5.5608
5.25586
3.63726
2.04987
2.4777
2.95087
2.50399
2.46914
5.21983
6.50892
6.5812
7.741
8.06856
6.47506
6.7118
6.90778
6.12017
5.82433
6.11447
4.43561
11.0758
6.27127
5.40223
4.67324
4.98288
6.01487
4.18577
4.52604
4.30711
3.60227
2.97733
3.88535
6.36122
9.82039
5.20729
4.67328
5.91
6.39346
5.99973
5.4353
6.34141
7.35518
8.20488
8.1684
6.07099
7.09009
10.8127
7.38584
4.29731
3.80468
4.4053
5.39471
5.98909
5.2461
4.29401
3.94913
4.63227
6.78828
9.7779
14.4269
9.44206
3.35163
3.55945
3.79128
4.39526
6.93398
0
6.54574
5.47504
8.04256
7.23009
5.66623
10.1414
16.2643
6.91066
4.46149
2.83253
3.51862
3.76873
5.26132
5.55704
4.33156
3.60396
3.74405
6.93398
11.2329
5.67699
5.77906
6.64455
6.19869
4.86722
5.77544
0
5.78429
5.19622
7.42911
8.15478
6.96661
7.85486
13.0918
10.49
8.77889
4.28816
3.86236
3.60834
4.50364
3.51079
2.32276
1.90058
3.05915
3.81042
7.74563
0
7.46906
8.34271
6.70256
5.06704
5.23128
0
6.008
5.8503
7.14152
9.35597
9.95305
8.20203
0
8.69987
6.38118
5.22636
5.08425
4.60527
2.25683
3.27423
6.62955
7.4627
9.90434
10.9459
0
6.48747
7.20914
6.30019
4.71755
4.64837
0
6.445
6.07559
7.61579
9.47226
9.32774
11.1893
0
11.9689
8.58586
5.46938
6.25563
5.46774
3.1006
2.75848
5.32458
8.18398
9.87013
12.3153
0
0
5.10306
5.11635
4.28102
3.03175
3.21442
0
5.77998
5.50328
6.26254
7.55347
7.94478
8.85294
8.82911
4.74847
3.13093
3.08095
2.41221
2.31275
5.10056
6.53399
8.66159
12.1518
11.3172
7.38388
6.13061
3.03828
2.52633
4.494
0
8.54674
4.60347
4.79281
5.56492
8.07726
0
5.71768
4.49461
1.36084
2.88789
1.59661
4.63086
4.96256
8.52294
11.7365
12.0371
0
8.78524
2.77235
3.35806
0
0
0
6.28868
2.29648
4.6589
0
0
0
12.6177
11.017
0
0
8.14013
0
0
0
10.9228
0
0
11.2419
0
13.7845
0
0
8.34228
9.0771
6.70305
7.27623
6.54731
0
5.49504
3.64024
1.52
2.80582
0
0
8.42316
4.37107
3.89083
5.59013
8.68902
11.042
7.76759
0
11.5817
9.48567
5.65944
1.8889
5.95611
7.35363
4.46477
9.20677
10.0829
10.4887
10.1479
0
13.5209
9.46733
10.0611
13.2244
11.0942
10.8032
0
11.7721
9.36699
3.80995
7.92959
4.60925
0
0
0
0
0
0
0
0
0
0
0
0
0
0
0
0
0
0
0
0
0
0
0
0
0
0
0
0
0
0
0
0
0
0
0
0
0
0
0
