5.69407
6.35258
5.19821
5.77022
1.88712
3.42737
7.60395
9.09791
9.86666
12.6339
13.5798
12.861
9.58125
10.7008
12.3536
12.9122
15.085
15.7046
15.5654
16.9463
15.3046
17.8791
0
0
16.0541
0
0
20.6586
23.8683
11.4527
0
0
18.8843
19.8856
20.4984
19.883
7.54566
4.06324
0
0
0
17.3609
17.4539
18.4375
17.1589
14.9039
6.3987
0
0
0
15.7827
15.6574
17.2843
17.1587
17.9383
8.15246
4.49626
0
0
13.8839
12.3696
15.314
17.3868
19.3088
0
9.36218
5.37305
0
0
0
17.4768
12.3537
8.66796
13.8723
17.6772
18.2444
14.9427
10.3882
5.88704
0
0
0
12.3844
6.28576
11.0548
16.7659
17.6542
17.7475
11.5263
6.47283
2.47277
0
0
0
19.3281
13.1642
4.77652
9.21384
15.8808
17.5269
17.8229
12.1951
6.57055
5.52117
0
0
9.18535
15.6039
19.1348
18.2209
9.09228
6.80075
0
0
0
0
0
0
0
0
0
9.57051
6.78103
5.98349
6.34353
8.06065
3.27564
3.9422
8.92125
3.56829
5.37138
9.19385
6.17712
9.42097
10.7706
4.1878
6.25522
7.97438
10.6532
12.8937
14.7198
7.83049
5.45039
9.88573
13.4271
16.4061
11.1123
17.2189
16.488
12.4653
18.8547
16.3222
16.8559
10.3062
12.9718
14.5028
15.8901
0
10.9035
13.4846
15.0265
8.51233
7.93891
14.4497
13.8873
15.1137
18.5123
20.8914
0
11.0988
13.5098
16.9231
0
16.2105
15.0526
16.6956
21.3751
24.0897
0
12.4158
14.7047
19.0785
0
17.2173
15.8549
19.0636
25.5394
29.9016
0
15.4929
18.6203
21.2678
19.3708
17.7862
17.2615
21.278
30.0661
35.1278
0
17.5036
21.4654
23.5383
24.9552
21.6323
20.403
26.7379
36.57
43.7191
22.0968
13.6657
9.34115
15.1981
20.4576
19.9441
17.2731
14.1409
9.79001
16.7673
14.174
0
8.11783
6.04179
0
5.94713
4.49396
0
0
4.69434
6.69686
0
0
8.80807
10.8204
0
0
18.4605
0
0
4.08545
4.53506
2.74523
4.05596
5.52959
7.28318
9.57913
0
0
0
0
4.52143
6.98495
10.1299
8.54505
5.85883
4.17241
0
0
0
0
0
0
0
15.1235
11.6119
0
40.0959
0
33.8965
23.7268
15.785
18.8679
16.8656
17.0215
16.7667
16.8474
13.7833
16.1934
14.6837
18.2218
11.8516
18.2395
11.1774
8.44592
21.8622
16.5338
17.1775
15.2267
13.0635
12.4045
14.6988
0
12.291
10.3463
0
10.4318
9.81762
8.73389
7.60306
9.027
7.1632
6.72022
6.17363
5.84976
5.02151
6.31186
6.93612
4.04214
9.88033
6.44452
5.83678
5.17216
0
0
6.08252
4.48899
4.41489
4.75631
5.14066
4.82498
4.62073
0
0
0
0
6.4042
6.13208
5.68006
7.03368
8.42623
8.49726
6.1879
6.8544
8.71569
12.2745
11.1225
0
10.0081
9.14776
5.15487
3.72339
5.33637
5.03791
4.01481
7.45749
7.6511
8.9902
10.7435
9.76471
7.85929
6.56225
5.87866
6.5234
8.65136
11.6237
12.2297
10.4439
12.8941
13.7889
0
0
0
0
0
8.09964
9.51645
13.2377
14.9627
21.0283
0
0
0
0
0
0
0
0
15.6051
16.1329
14.3865
0
0
0
0
0
0
0
0
3.95468
3.61675
3.56867
3.92691
4.25493
4.89439
4.17788
3.99523
4.80999
3.97147
3.00265
3.26051
3.71093
0
6.14121
0
9.32308
7.4364
6.63709
5.50814
4.0631
3.88293
3.36087
1.50516
4.60491
0
0
3.57188
0
0
0
0
13.1787
10.4113
9.29747
15.1996
13.2837
0
0
7.51783
5.80109
0
0
4.79153
15.5759
19.8414
14.3061
14.8147
21.159
18.0791
15.5699
9.04523
23.6702
17.6599
13.3139
8.3953
0
20.6208
15.9452
20.6462
0
0
0
34.7903
0
15.8249
14.129
11.155
11.2722
9.5838
12.4549
19.7567
9.94565
6.81289
7.41304
6.04038
5.66637
4.37518
3.9461
5.48845
7.11653
6.45673
7.30772
0
0
0
0
0
16.7725
14.0416
11.7451
10.282
8.25706
4.96892
0
0
0
7.28569
0
0
0
10.9301
9.4665
0
0
0
0
7.23126
9.15977
0
0
0
13.0502
11.3889
14.2881
0
0
0
0
12.6289
14.038
13.0044
13.3001
14.4165
12.149
13.4154
15.8343
19.1056
0
0
0
0
0
0
0
0
0
0
15.9345
7.84934
17.8768
13.7088
11.1936
14.9395
14.9961
12.6781
18.9725
0
8.14194
6.43201
0
10.5153
0
542.295
0
0
8.65694
23.6416
0
0
0
0
0
0
24.9362
8.08197
18.5878
18.9564
48.3928
582.762
0
0
42.3107
0
62.8515
0
54.2076
28.4187
39.6768
45.3348
57.2446
36.187
39.1164
0
20.3154
22.225
18.0328
17.8461
23.4805
28.2986
0
0
0
0
0
0
22.3792
18.6041
0
0
0
0
13.5562
17.0714
20.3605
0
0
19.729
15.4485
16.4114
10.2576
14.2015
18.4396
20.8736
22.2974
14.0881
12.0192
12.5593
9.37029
11.8773
14.9168
17.7584
16.8766
10.3645
8.16447
10.3224
11.3348
12.0721
10.5651
11.2944
14.1714
7.13112
4.68493
0
0
6.44458
5.92218
7.31101
0
7.63882
13.2137
5.68428
1.18499
4.88067
0
0
9.61974
0
0
0
8.74069
5.54454
3.86748
26.7121
0
0
0
0
0
23.0985
21.3571
0
20.2345
18.4885
18.0189
14.7296
8.23009
14.7535
14.4681
13.2828
10.9831
0
8.36811
9.65707
10.5291
0
7.55732
7.74765
8.4333
0
6.94871
8.92564
0
5.25086
8.57064
5.3714
8.90812
6.49862
6.32479
4.86583
3.79669
2.88201
6.37384
6.46372
0
6.09155
4.98276
7.24916
7.46789
5.37483
6.42704
6.37186
0
0
7.52057
8.40336
4.45344
0
0
0
7.3019
7.8357
7.36525
5.18695
0
3.43105
5.49366
5.08618
6.42162
7.84578
6.19839
5.92825
11.3571
6.36731
0
0
0
0
0
0
7.99875
0
0
6.29032
5.65418
6.12421
0
0
0
0
0
0
0
0
9.66414
10.5251
11.7273
12.9887
0
0
0
0
0
20.2106
0
23.6944
12.6083
13.691
0
28.5823
0
0
0
0
0
0
1.14901
6.05578
7.25442
10.2982
6.47647
0
5.35019
0
6.75698
8.78714
0
12.0518
0
0
0
10.7128
13.3764
0
0
15.3722
4.25092
6.96776
8.35862
9.37208
9.71478
4.88353
0
0
0
0
0
0
44.4933
36.5224
43.2441
50.999
57.854
49.4622
28.467
36.0512
35.7186
43.3766
55.9135
51.688
63.0652
0
3.71754
0
64.3904
23.4135
19.909
14.2704
9.8952
16.0994
22.8238
21.9301
19.0482
17.2335
14.4321
0
0
0
20.7666
24.7625
26.4327
28.5052
27.3185
23.7939
23.2114
28.4622
36.3614
41.9514
50.7859
30.9557
10.8526
9.33437
16.5445
23.8103
22.3457
20.1467
19.9228
19.0338
16.1979
16.0651
0
0
22.3996
18.1556
22.4537
26.0753
25.7485
30.3779
31.1554
27.3875
23.5016
28.8395
29.5902
28.6029
27.5845
25.056
18.6561
13.2232
6.63583
7.72977
16.2548
0
20.9149
19.7452
20.0536
20.0208
19.3448
17.9559
13.0556
9.68389
12.8576
18.548
24.6599
27.1148
29.4008
29.3366
0
28.3171
25.1403
24.3104
24.8534
22.4595
19.1375
16.7372
14.4461
10.075
10.8169
0
0
0
18.2918
19.0498
18.8814
18.8498
18.5427
18.1292
16.8631
13.4284
15.3565
20.4164
25.5569
28.2274
28.2807
28.7681
0
26.5946
24.9586
23.4869
19.9357
16.6299
15.222
13.6983
12.3086
12.5586
12.6148
12.2967
13.2231
18.1523
18.1262
18.0888
16.765
15.9189
16.5681
16.2464
14.6637
17.5534
21.5252
25.0403
27.0121
26.5945
27.3217
25.7755
23.8746
21.8138
18.867
17.1242
15.6318
16.1575
14.4246
13.2231
16.7682
16.4785
18.4255
0
16.8728
16.1192
14.4913
13.1176
13.6952
14.0127
13.0881
16.6752
20.0582
24.0077
22.4443
22.3944
25.4727
24.0115
21.4454
17.8424
16.6897
17.6473
21.0737
21.4698
20.816
18.2978
20.3892
19.1908
17.6377
17.1541
0
17.0919
15.2572
12.1202
11.1682
11.1318
11.2045
10.5403
12.4318
14.7727
18.124
17.7521
19.0067
0
20.5254
16.8078
15.95
16.3092
17.7211
21.2236
22.4379
23.4324
21.8314
20.4159
18.5081
18.3421
17.9463
17.0804
15.1387
12.3704
10.258
9.00982
8.20452
7.4517
7.69659
9.2888
11.368
13.5989
14.1656
0
13.0261
11.9066
13.7596
17.6432
19.8574
20.4849
22.5096
22.0503
18.849
16.25
16.5916
15.6327
16.4217
15.3657
13.3266
10.2298
8.09216
7.36414
6.13625
4.62071
4.69865
6.34762
8.95137
11.1734
11.6157
10.952
13.8734
16.9181
18.6926
20.9681
21.6511
21.2383
15.3084
13.8096
13.356
13.573
14.3115
13.5254
12.5582
10.1246
8.91861
8.26276
7.08531
5.55667
4.4605
4.69269
6.92175
9.03094
0
11.71
12.6005
14.0177
15.4537
17.9418
20.2217
18.2511
11.4244
9.51448
9.45227
0
10.926
11.1899
10.5388
9.88505
9.58568
8.79266
7.78063
7.49433
6.82489
5.96548
7.19525
8.89767
0
11.8303
10.9882
11.6655
12.7769
15.3323
16.2918
14.4088
5.7931
5.20077
6.2442
5.50615
7.07006
8.14125
8.65522
8.51904
7.99493
7.21295
8.00454
7.65415
5.88309
6.58526
8.08431
0
9.12843
7.15962
6.96897
6.82367
9.07325
11.0395
10.1385
7.96723
3.11084
1.15447
1.79385
2.08943
3.36584
5.96911
6.86681
6.02943
6.49551
6.50561
8.02444
7.22824
5.15833
4.36607
5.29849
0
5.26115
3.56686
4.34465
4.29391
5.2703
7.04712
7.6432
5.31932
4.75793
0.348223
2.31786
4.60808
4.42765
2.63648
4.85145
6.71251
5.431
6.41437
7.03373
8.08779
7.35913
5.56851
4.27771
4.56442
3.83071
1.8392
1.86656
6.95094
7.50114
9.12659
9.0429
7.8185
5.84703
1.67632
4.39911
7.67456
6.91347
4.68579
3.89942
6.55332
5.73431
7.0305
8.1029
9.23457
8.49724
7.30497
6.14436
5.91131
4.37844
1.87198
2.80111
6.85939
8.96766
9.48795
9.70483
9.77303
8.49525
2.45318
7.86564
9.68328
9.57079
5.98745
3.96911
5.20361
5.2142
7.83228
7.74639
9.29272
9.97194
9.80948
7.85795
7.72963
7.96559
6.0869
3.12442
2.99451
7.08264
9.47798
8.75371
9.05591
10.0325
9.11856
5.74833
5.18877
0
11.2214
11.7757
8.08776
4.99135
3.67306
5.35882
6.49468
7.7346
8.65421
9.06761
9.65065
9.52562
10.3366
12.0576
8.99968
10.5226
8.34801
6.45672
6.72829
6.40208
0
4.36564
3.84361
2.65765
3.40215
8.01621
0
9.86739
11.3946
9.03714
5.34849
3.35703
2.52498
4.4245
6.49998
6.73255
6.54895
9.04849
10.8619
13.6946
4.62173
13.4518
12.8198
9.77604
6.2542
4.66098
0
2.6002
2.96129
4.08989
7.14483
8.46725
0
10.1764
13.1841
10.4495
7.11333
5.58853
1.97835
2.60972
3.46744
4.21509
4.6316
6.40308
12.2763
12.6974
8.82054
12.4907
12.6079
10.0427
6.43007
3.92394
0
2.09761
3.86333
6.02547
7.59764
4.19485
3.28744
0
11.1434
9.7127
8.13943
4.89023
2.52754
3.28968
7.19252
10.1153
8.81782
11.9096
9.63133
0
0
5.37984
7.64248
7.4009
3.79796
0
2.48513
2.51645
6.15112
5.90882
4.13049
5.06229
0
0
12.593
11.0939
10.4402
7.84852
4.41206
6.61798
13.1536
14.9496
13.8689
14.8193
0
0
0
0
5.71925
7.7556
6.29189
0
7.01041
2.26442
4.51658
4.84568
9.08127
6.43719
0
11.4458
9.7466
7.10537
4.092
7.08133
15.1968
18.0176
16.8364
15.4829
13.8633
0
0
0
7.62629
0
0
0
7.61168
6.08983
6.56571
12.3999
10.2494
0
0
5.21619
4.08686
3.96701
8.99413
18.2012
0
0
0
0
0
0
0
0
0
0
0
0
0
0
0
0
0
0
13.2348
0
0
0
0
0
0
0
0
14.5233
0
0
0
15.808
2.65905
5.98957
6.91815
7.28876
7.87178
0
7.43646
5.07279
2.49149
5.9687
0
0
18.1767
36.8258
31.9972
36.2574
33.6611
28.8869
24.1839
0
26.6861
30.1648
25.8539
27.3165
22.932
20.1054
23.5608
19.7649
0
0
0
0
0
0
0
0
0
0
16.1355
0
17.3471
25.9321
4.7814
10.6126
0
0
0
0
0
0
0
0
0
0
0
0
0
0
0
0
0
0
0
0
0
0
0
0
0
0
0
0
0
0
0
0
0
0
0
0
0
0
0
