7.69342
16.3555
15.4948
8.12236
0
0
0
0
0
0
10.1406
12.827
0
0
0
0
0
0
0
14.8924
0
0
0
0
0
0
0
13.7561
12.7376
0
0
14.9883
13.0055
15.1582
15.5111
15.9265
0
0
0
0
19.5502
14.3974
16.1708
16.4986
15.5832
13.1457
0
0
0
12.5523
13.9391
15.5941
14.7544
13.2399
11.5883
0
0
0
11.1156
12.4624
13.7656
13.4912
11.6881
9.44533
0
0
0
0
0
0
8.78169
10.4774
11.7928
11.5493
9.55251
8.8708
0
0
0
0
6.39051
13.6506
8.35916
9.76693
11.2193
10.1372
9.12552
0
0
0
0
0
3.05074
13.7915
6.24948
8.17724
9.26713
11.3081
11.9016
12.5172
0
0
0
0
0
6.62625
12.7537
13.6275
15.4041
0
0
0
0
0
0
0
0
9.12562
20.826
21.7349
12.7173
17.0024
9.05908
7.89542
3.59393
6.03195
0
0
8.27449
0
14.0643
10.8243
18.5554
15.4507
9.74676
0
0
19.5456
15.6358
11.1693
8.05123
0
0
19.5396
14.5466
8.88561
17.4766
14.8736
12.4973
16.8858
14.8666
10.7152
6.32786
17.4211
17.8828
16.3513
10.4585
0
19.3063
17.3436
11.4907
0
0
15.6033
16.8301
15.1975
11.3276
6.98941
8.94129
0
0
0
0
13.3386
14.8238
13.4286
9.16437
5.43331
7.12782
0
0
0
0
10.5823
12.319
11.6809
7.47134
4.91241
3.5078
0
0
0
0
6.80768
11.1518
10.8202
6.86762
3.7027
1.94315
0
0
0
2.27507
2.15659
2.96168
5.67357
4.12315
5.06716
14.6278
14.6854
16.5935
20.2531
22.8139
24.6815
0
0
0
0
0
0
0
0
0
0
0
0
11.1886
0
0
12.7365
16.149
0
19.7768
20.4884
23.1634
26.2754
36.6907
26.4401
0
0
0
0
0
0
0
0
0
0
0
0
0
0
0
0
0
0
0
0
0
0
0
0
0
0
7.74667
3.9431
4.18723
5.62821
8.29456
11.8703
7.5048
6.08498
4.5044
10.2783
7.8669
16.6854
14.8898
12.6581
8.25581
17.8826
2.60596
16.9187
18.2742
0
10.9832
9.15198
15.2593
6.65972
5.71241
17.2814
722.142
6.88049
8.90509
0
7.41145
5.32176
4.49326
5.06133
10.2001
11.4883
5.98442
7.35793
13.6305
15.9366
8.53968
10.5581
17.2175
13.2813
3.91918
3.17199
2.94525
4.08903
14.1239
16.5221
11.25
8.74781
8.44188
8.20532
0
10.4714
0
0
5.37701
14.7294
15.5604
14.2215
14.3667
18.3332
12.1156
21.8094
5.6596
0
9.31715
13.8239
17.4476
0
24.3023
0
0
0
0
0
0
0
0
0
0
0
0
0
0
0
0
0
0
0
0
0
0
0
0
0
0
0
0
0
0
0
0
0
0
0
0
0
0
0
0
0
0
0
0
0
0
0
0
0
0
0
0
0
0
0
0
0
0
0
0
0
0
0
0
0
0
0
0
0
0
0
0
0
0
0
0
0
0
0
0
0
0
0
0
0
0
0
0
0
0
0
0
0
0
17.0371
19.1549
14.1215
14.2614
14.4615
13.0467
14.5824
14.0874
11.3938
13.91
12.3111
10.2443
12.1843
11.1672
8.93375
11.1706
10.1546
10.5333
11.3813
11.8449
8.51659
14.5495
13.8413
12.8456
11.9124
12.6986
8.56505
11.7929
9.50475
8.02764
7.48884
7.34415
7.55686
9.96054
12.728
9.73488
12.4567
18.9331
0
20.6451
12.5399
19.2775
10.5739
10.9203
10.5075
8.95679
7.19898
7.60267
5.87963
6.40987
8.12126
10.9836
13.1718
19.9281
22.9871
10.7326
10.0528
8.69755
8.93258
9.67299
10.1021
10.575
12.9889
16.2134
20.0238
24.7139
27.3402
25.1257
1.61334
15.186
7.12702
22.7395
26.253
22.397
17.7181
9.49025
10.6633
4.2324
8.5769
3.52526
3.0816
9.34077
16.136
25.7212
0
0
0
0
0
0
0
0
20.4447
20.3295
0
0
0
0
0
0
0
0
0
0
0
19.187
15.5863
0
13.6719
0
17.6706
0
0
0
13.3594
14.6387
0
0
18.4194
16.4495
0
0
0
0
0
0
26.1005
33.2691
26.6752
19.9602
0
13.5916
0
13.429
8.28696
0
0
0
0
5.28078
8.40694
7.88829
3.70806
5.99608
7.00861
0
11.3039
6.71888
9.57023
12.9692
12.2985
0
0
0
11.3094
12.3838
10.4763
0
0
0
0
20.0352
16.6656
10.5891
4.60747
0
0
0
0
17.9763
13.8168
7.40698
4.61691
0
0
0
20.4437
15.983
10.6676
6.44323
0
0
20.9284
14.2621
9.0594
7.36872
8.33855
8.25029
0
0
0
0
0
20.9733
12.7552
8.28591
10.6648
0
0
19.6728
13.1739
9.73671
12.7122
15.2235
14.1104
15.216
0
0
0
0
0
0
0
0
0
37.7827
0
0
28.8062
0
22.6019
0
0
17.0399
12.1732
1.96852
0
0
0
0
5.78659
10.0185
11.1227
0
0
0
0
0
0
15.3767
0
17.6914
0
0
16.7215
14.4822
0
0
0
0
0
13.6249
9.10136
0
0
7.26274
0
10.6488
9.83599
10.1093
10.7549
11.964
12.1836
7.87837
10.6575
13.1671
13.8004
10.3819
0
11.4566
8.53734
7.80625
12.41
4.94881
0
0
0
0
14.1356
4.7538
0
0
0
11.2264
12.1541
15.0127
17.3666
14.312
13.3202
5.11782
0
0
5.79687
2.20813
2.88228
7.63213
8.53201
1.31493
4.67465
8.21272
10.0856
9.2622
13.7
13.5619
0
0
0
0
10.507
17.032
4.57653
22.6868
16.3328
22.4068
10.9625
28.5409
17.214
0
0
0
0
0
0
0
0
0
0
0
0
0
0
0
0
0
0
0
0
0
0
0
0
0
0
0
9.70433
6.98509
0
0
17.3178
19.2603
21.6999
12.0433
0
0
0
13.2757
16.17
0
0
21.2517
13.8256
20.4624
19.8315
28.2135
29.1337
37.3631
36.7773
0
4.40543
10.8383
0
17.8929
18.8995
18.9056
20.3923
24.6012
26.3728
26.7984
30.9618
0
0
0
0
0
0
0
0
0
0
3.63364
2.80519
4.08689
4.0067
6.98884
8.03125
15.646
23.9014
25.5379
27.5564
29.0928
29.3401
33.8927
0
0
0
0
0
0
0
0
0
0
0
4.93358
0
6.65216
6.83947
7.17912
9.48102
12.5328
15.4542
20.1083
21.7185
22.3833
29.1138
29.8612
30.707
31.2014
30.6756
36.2727
0
0
0
0
0
0
0
0
0
0
10.3422
4.9297
0
6.75722
7.59759
10.8417
14.3491
16.1351
19.2767
24.4464
25.1527
25.9137
30.9323
32.2775
29.764
29.7943
30.4724
36.4332
0
0
0
0
0
0
0
0
0
0
10.747
5.14636
0
6.36648
7.90902
13.1455
17.1084
18.3962
19.3507
23.0704
23.6997
28.0385
28.8998
29.8654
27.1967
27.5526
34.4669
0
0
0
0
0
0
0
0
0
0
9.37889
4.6122
4.96422
6.64339
13.4362
18.4252
17.7699
16.0996
18.0381
17.958
22.0373
23.8026
25.0985
25.0412
0
0
0
0
0
0
0
0
0
0
0
0
4.72312
0
5.2824
7.81459
12.4039
15.3669
14.5131
17.3689
19.2658
16.1331
15.6045
14.5446
19.2
18.3628
18.9787
0
0
0
0
0
0
0
0
0
0
0
0
2.21573
0
5.63714
7.05414
10.6619
12.8894
18.7481
25.0103
26.9769
23.7796
15.9799
11.5024
12.8278
12.1849
11.8534
0
0
0
0
0
0
0
0
0
0
0
0
0
9.35209
11.3098
17.463
24.6326
31.0411
30.7146
29.4872
20.9133
12.4298
8.23863
7.26865
7.29306
0
0
0
0
0
0
0
0
0
0
0
0
13.4686
16.4954
21.0166
27.6687
32.6059
30.986
30.2109
23.3403
11.0408
7.31111
6.36397
6.62962
0
0
0
0
0
0
0
0
0
0
0
0
150.845
15.8499
18.5342
21.1299
25.876
29.8222
26.9278
21.3229
7.77959
6.61117
6.94067
0
0
0
0
0
0
0
0
0
0
0
0
0
0
15.2222
16.9783
17.2149
20.732
25.0192
21.6932
15.0439
6.39284
7.93966
6.9205
0
0
0
0
0
0
0
0
0
0
0
0
0
12.5362
13.9129
12.413
13.2159
18.5667
14.7733
7.82701
5.41898
7.52759
9.23819
8.39466
0
0
0
0
0
0
0
0
0
0
0
0
0
11.421
12.0544
10.3251
9.794
10.5374
6.8902
4.50392
6.00953
8.36071
7.67381
6.91742
0
9.98329
0
0
0
0
0
0
0
0
0
0
0
12.765
11.9687
11.6769
8.43498
6.7707
4.22418
5.61461
7.30696
8.91725
6.20099
4.14691
12.6897
6.40347
0
0
0
0
0
0
0
0
0
0
0
11.5301
10.7591
10.5874
8.93728
6.83394
5.45813
4.07481
5.7142
8.58869
4.14296
3.24248
0
0
0
0
0
0
0
0
0
0
0
0
8.89762
8.33744
7.88668
7.8971
8.81929
6.36814
4.53353
3.42658
3.37978
5.24679
7.60113
7.97765
1.93129
8.3869
0
0
0
0
0
0
0
0
0
0
0
0
10.8082
11.0341
10.2568
4.04854
5.19438
4.56894
4.77104
3.9127
0
2.08484
1.61255
0.909245
0.268181
4.10693
12.3278
0
0
0
0
0
0
0
0
0
0
0
0
0
4.96357
5.22828
7.26979
7.30266
5.84688
4.51327
0
3.05147
2.80965
2.18613
1.69288
2.75405
10.7223
0
0
0
0
0
0
0
0
0
0
0
0
0
0
10.081
10.6917
8.22382
6.01584
4.77273
0
3.24388
3.45372
2.62657
1.19623
4.68608
7.10036
0
0
0
0
0
0
0
0
0
0
0
0
0
17.055
14.587
9.9451
6.71104
6.46002
0
5.74646
3.7498
2.63022
3.55503
11.2777
10.7011
0
0
0
0
0
0
0
0
0
0
0
0
0
0
21.0411
18.5402
12.6548
8.32922
6.68351
0
8.16008
5.28762
4.20216
5.63371
15.2979
14.7717
0
0
0
0
0
0
0
0
0
0
0
21.5863
20.3995
14.6987
9.94552
7.60729
0
3.95366
4.52672
5.28331
6.86732
16.2306
15.512
0
0
0
0
0
0
0
0
0
0
22.2999
21.065
16.5045
13.0077
0
0
12.0746
4.45053
6.66926
8.40437
0
0
0
0
0
0
0
0
0
0
0
0
0
0
0
0
0
15.0543
13.6356
3.74226
5.08661
2.24056
0.64966
1.87905
0
2.22624
3.45705
6.29267
5.29379
0
0
23.2235
12.4507
19.0865
8.15999
5.53704
4.29645
3.86631
0
6.31167
6.84621
0
0
0
0
0
0
0
0
0
0
0
0
0
0
0
0
0
0
28.9492
0
10.2011
5.98048
19.3133
0
0
0
13.8767
0
0
0
9.41793
15.5186
15.3398
14.881
9.83464
16.3478
0
0
0
0
25.8603
24.3194
17.6065
24.3665
31.5804
32.5574
26.6174
0
0
0
0
0
0
0
0
0
24.4544
28.8982
29.0879
0
0
