3.90325
6.33899
6.05134
5.14553
4.85226
6.04095
8.48524
7.48725
6.3854
6.39264
5.53966
7.46985
7.91008
6.86221
7.8004
7.36008
5.91939
8.17987
6.95062
8.6216
4.80867
5.92983
2.90488
0
5.5646
1.81379
0
0
8.42775
2.63684
3.4673
0
3.63896
4.99448
4.93166
5.56211
5.02809
5.16503
4.90398
5.84942
0
5.81288
4.57441
7.86869
7.28167
2.96753
4.57416
6.5311
7.84352
5.63127
5.82571
6.21524
9.36098
9.68336
6.1561
5.41592
6.90041
7.31257
0
5.92615
6.76065
9.59124
11.6178
9.03816
0
5.98232
8.23497
8.45153
9.3286
8.68323
7.7354
6.58276
7.07926
11.7603
13.9293
9.62996
6.23909
6.55122
9.37883
10.3275
9.81358
0
7.66213
8.93594
10.6642
13.2567
10.3465
3.69132
7.72739
9.65241
11.9148
11.2746
10.512
0
6.02711
8.4237
9.5899
10.1308
11.9606
9.82405
4.3734
7.74221
11.3565
11.617
13.1165
5.75002
9.4307
10.9136
8.39245
2.08186
9.91611
12.0204
12.6697
0
0
0
0
0
0
0
0
9.43421
5.24155
3.96777
4.52692
3.73447
4.40463
3.55594
4.06958
5.48941
5.00083
4.46496
5.90249
5.20012
4.42787
6.99777
6.22561
6.60032
6.53135
5.72763
4.79293
6.4763
6.82859
7.50575
7.78953
5.86287
7.51069
8.47736
0
7.66412
10.4383
5.18396
1.40656
7.33829
8.06413
5.87586
5.16699
0
8.93816
5.76019
3.28681
6.24227
5.1053
12.7552
10.9407
6.57533
3.55472
5.74871
0
5.5658
4.15838
4.00455
0
13.2617
11.2613
6.95372
5.09278
6.1138
0
8.16506
6.06163
3.86988
0
12.127
11.3998
7.65119
7.04809
5.32525
8.5885
8.95849
6.79811
3.64743
7.06058
11.0041
13.5364
10.0318
8.40849
5.7837
8.43477
8.31076
4.95319
2.1233
0
8.47755
10.0305
11.0227
9.06253
6.23218
6.49736
7.59002
6.65348
7.71693
7.58987
3.10325
4.96276
6.85722
9.73994
5.46334
5.5484
5.77897
5.99062
5.94799
0
5.95583
5.83584
5.88514
0
5.71238
6.03489
0
6.4509
6.62812
7.02977
6.45191
3.91017
6.55507
0
5.23388
5.85093
5.62742
4.67705
4.54469
6.02927
6.77632
7.93454
0
0
0
0
5.94469
7.28616
7.71518
8.78081
6.98422
9.90475
0
12.3121
13.4934
12.2078
0
9.43485
0
4.76155
8.73517
4.95415
5.99933
5.49797
8.71786
9.85842
3.35887
5.45317
5.96134
3.75305
0
3.12181
6.14538
0
6.88816
13.369
9.60323
9.74919
10.0814
8.21868
5.99041
3.25311
3.22206
3.8951
3.61314
3.81418
3.55807
0
3.5183
2.85675
0
4.03217
3.09954
2.6421
2.82416
3.39294
3.08467
3.36521
4.70418
4.34113
5.3274
5.76156
7.44137
6.64901
5.29081
4.07884
5.91605
6.55916
8.70706
10.0412
5.85827
4.35384
3.71251
3.78407
4.57955
5.64376
6.81622
0
0
5.74145
7.02003
3.96119
5.15882
5.49454
6.29767
6.4731
8.66412
1.46776
1.96959
4.11252
6.32372
0
0
0
2.5571
4.34655
3.13321
1.26753
3.68399
1.50196
5.02394
5.01065
6.00271
6.24794
6.4006
6.70026
5.04123
2.58704
2.15141
3.75654
5.88274
6.31849
5.97924
10.0776
9.86241
9.43577
8.23998
7.66059
6.15294
4.14592
1.86209
1.06599
3.49997
4.14361
10.1704
11.1037
8.72332
6.49069
8.02707
4.55885
2.68487
1.44204
1.67664
3.11039
3.73697
4.50299
9.05983
10.218
8.22714
7.92113
8.88282
0
8.69936
13.4882
6.39326
7.1621
5.87617
4.63142
3.64728
2.8899
3.73924
4.99222
3.9003
6.41455
6.91932
7.45648
6.91983
8.21056
8.4679
8.13558
5.39971
5.72442
4.77706
3.75504
3.57845
3.81378
5.46872
7.25073
4.69735
5.8358
6.89146
8.91058
0
0
0
0
4.59134
5.27475
4.19753
4.0493
3.90578
7.28481
0
3.96042
3.10605
0
0
3.97344
8.84374
8.1881
2.37795
4.18437
6.43257
8.00192
6.06284
7.9899
8.19817
8.74676
10.4755
9.8293
8.15773
8.54727
8.52361
0
6.358
5.25935
8.01497
4.92934
4.99629
7.55331
7.98724
7.82863
7.7953
8.59065
6.19727
8.52777
5.93785
5.38943
5.31888
4.69727
4.92285
5.41359
5.28288
5.32221
6.48995
6.8434
7.94976
7.98555
0
0
0
6.50207
7.42458
4.96604
4.19397
5.6014
3.33717
3.4768
4.15489
4.74048
5.41066
6.73186
6.1279
4.86591
3.77956
4.24432
3.9376
3.90996
4.35747
4.77131
5.55999
6.18978
6.61496
0
0
0
6.12862
6.38425
4.86528
4.42893
7.03569
0
5.59177
6.52965
5.41258
6.10233
6.59778
6.56056
8.68874
9.7911
4.37238
4.35484
0
0
5.26765
3.07021
1.00021
2.75328
4.07995
10.1384
0
0
2.68942
3.80246
7.37221
5.99662
5.30871
6.70921
7.14586
7.80582
0.656586
5.29654
6.69492
5.1263
0
7.57229
7.56384
528.885
8.53508
0
20.5156
24.5938
22.8981
22.6844
0
0
27.2591
27.8813
22.4548
18.2918
11.7042
19.3676
54.0899
570.011
88.235
89.3535
76.6809
76.1378
74.773
63.7136
63.0283
51.9571
51.18
50.336
65.4669
37.0493
41.7448
37.2775
38.5815
38.7182
25.6424
25.7828
24.053
29.5805
0
14.3102
13.8326
0
10.3355
0
21.0963
11.5227
10.6603
15.0035
0
0
16.9141
19.4082
17.1706
15.1201
13.5831
16.0063
0
0
16.057
18.5498
18.4132
16.7152
15.7825
14.8843
0
0
15.7463
18.0706
18.0893
17.503
16.4234
14.151
16.1414
18.329
18.2977
18.2056
17.0208
13.22
13.8577
0
0
0
0
16.1027
18.2907
17.504
18.1402
17.1488
14.1251
0
18.3506
17.053
19.7216
18.2207
16.1098
24.9062
26.0837
20.8188
19.727
18.3183
15.7579
35.2788
0
0
0
0
0
0
0
0
0
0
23.75
6.80728
10.6114
19.0716
0
7.90754
6.00403
0
8.12929
5.43136
7.00274
0
7.46113
6.29768
6.34483
0
8.33774
7.59549
0
9.80115
10.1924
12.2916
11.7092
11.5743
11.4746
11.5839
11.6257
11.5256
12.1669
11.3441
0
12.1484
0
8.8469
9.8213
5.57097
8.61348
10.8789
0
5.20618
10.2206
0
10.2937
22.4174
0
0
0
10.128
7.86755
10.386
0
0
11.205
6.24635
8.24193
3.47555
7.78602
8.63963
0
12.865
6.66546
0
0
0
0
0
12.158
0
0
7.70646
2.56084
5.21851
7.42205
4.3631
6.19134
7.76193
9.04595
7.23689
8.37415
9.6421
11.8971
10.8291
14.6372
15.0221
8.98406
8.29475
6.89847
6.6321
0
19.3263
0
21.639
18.641
24.1459
0
24.7449
0
0
0
0
0
0
4.56562
8.67439
10.2084
8.04704
8.0136
0
11.3538
0
10.7554
11.0585
0
10.9945
0
0
0
14.9969
19.8625
27.7471
0
0
0
0
0
0
0
0
17.2828
26.9946
24.9597
21.3948
0
0
50.8683
0
0
61.0195
71.5836
0
51.9871
65.1907
64.5236
78.2605
0
0
0
5.36858
6.00715
34.6034
0
4.33038
4.52158
5.73887
4.92254
6.32916
7.04458
5.59084
6.42014
6.24269
6.20423
0
0
10.895
7.60806
6.50467
4.93402
1.05689
0
7.43275
9.26803
10.2363
8.55665
5.8004
1.83987
4.08303
2.72646
2.36125
6.11914
6.07141
6.97782
7.88269
7.51395
5.42281
4.51845
6.86709
7.42295
8.13389
8.04241
6.17032
5.42238
5.43284
4.49209
5.69091
0
9.15925
6.78775
5.69619
7.40853
6.67191
7.57695
7.26799
5.92924
2.88521
1.47307
1.73623
4.1041
4.46777
7.78892
8.34415
7.05594
5.87549
5.31888
5.81079
5.36886
3.6434
3.00923
4.04849
5.59824
5.82767
5.76811
5.2942
0
6.65528
8.61776
7.29564
7.05598
7.57363
8.49521
9.41775
6.14987
3.4584
3.46419
4.2373
4.63247
5.25587
9.10365
8.87773
7.14934
5.59602
5.94541
8.12116
8.66036
5.87809
4.28138
4.53268
3.60556
2.67498
0
4.8187
0
4.4619
5.82493
5.96328
6.42489
7.10405
7.67183
8.42199
5.86009
4.03915
5.38155
6.0805
6.64449
6.3959
8.39526
7.1393
5.51352
7.50324
9.68218
10.1741
6.90887
5.63186
5.89277
3.32096
1.54149
3.8692
4.5565
4.22311
4.24488
5.31421
5.56117
5.98408
7.12727
7.37897
5.88911
5.14122
6.63879
6.77033
7.16759
0
8.55264
7.66773
6.72762
8.05198
10.6899
9.5226
7.02145
6.3519
6.14828
5.24731
4.9419
5.34452
0
4.22481
4.4586
5.31933
5.67859
6.15781
6.49166
6.07653
5.67794
5.80157
6.31551
5.5497
5.50902
5.15885
0
6.64858
7.10545
7.66091
8.99084
9.50027
8.74159
6.68957
6.32736
6.19422
6.53327
6.67443
7.01165
0
4.46934
5.13267
5.34118
6.29575
6.70216
6.45516
4.76955
4.82207
4.91735
3.66428
3.39957
2.69515
2.70069
2.80766
3.81148
5.03546
6.37112
6.44617
5.32158
4.77168
4.74883
5.04436
5.18619
6.14533
0
0
5.54373
5.41656
7.64202
7.86395
7.202
5.18474
4.31384
4.34312
3.40797
2.02836
2.60513
3.72333
0.980575
0.9063
1.93986
2.51783
2.74463
3.28766
3.29607
2.57889
3.14505
4.37389
5.43897
0
6.37518
7.75087
10.5553
10.0872
9.18441
5.67983
4.68174
5.11396
3.81162
3.42727
3.40568
0
3.39208
3.352
2.70676
2.76375
3.38789
3.89189
3.64651
1.70923
1.99336
4.1634
6.12163
0
156.395
9.74
10.8876
12.0235
11.219
8.01146
4.10767
5.31274
3.90021
5.24046
6.79653
0
7.32726
6.61968
5.6462
5.13308
5.14647
4.97762
3.91092
1.70145
1.69476
3.61214
5.97854
0
169.094
11.7762
12.4213
12.1508
11.4386
7.65314
4.76639
5.51821
7.03937
10.138
11.7161
11.3625
9.84844
8.22968
6.84154
7.14267
5.89664
4.37608
2.14302
2.60122
3.9859
6.44025
0
0
11.3332
11.8563
10.9854
10.402
8.47235
5.03971
6.08484
5.12633
8.90771
12.7547
14.7947
13.2372
10.7568
9.67864
8.19379
8.2316
6.98876
5.32854
3.78493
4.88318
6.58787
8.28181
0
0
11.3567
11.3369
10.0853
9.77584
7.55538
4.2209
4.58564
5.81401
10.6387
13.7137
16.1883
17.2174
13.6657
11.2695
9.8178
9.28268
8.84627
7.51949
5.68464
4.9847
6.12855
8.83192
0
0
10.8201
11.4226
11.3378
9.59002
6.37363
3.01436
2.70451
7.37281
12.7133
14.924
16.0881
14.0751
13.3985
11.2971
11.891
11.0247
10.4257
8.73155
6.52454
5.77782
6.4549
11.8458
0
0
10.6374
10.6075
11.0954
9.43634
7.55967
6.58085
2.00154
3.62143
9.35011
16.0966
14.8246
11.0134
14.5315
12.7935
13.2799
13.4326
12.3918
9.50065
7.1796
5.13342
8.35707
14.3211
14.7229
0
0
10.7055
11.8849
10.3017
8.046
6.25397
5.933
2.17486
4.38309
11.2914
14.4858
14.0528
12.0761
14.0974
19.0285
16.0976
14.6289
13.7317
12.1592
9.94654
6.51262
5.74644
8.5317
14.6891
18.5081
0
0
0
12.6775
16.0343
12.8586
10.5578
9.39368
0
7.82316
4.14947
9.9261
14.4553
13.0995
11.5063
17.185
17.001
15.3516
14.2936
13.2039
11.3812
9.25109
5.64659
5.46463
8.56546
15.2967
19.0245
0
0
14.0256
14.8048
13.4087
11.8781
11.3254
0
9.38687
4.19341
7.62136
14.0373
13.5434
7.14498
8.61618
13.2208
12.4404
9.47585
11.608
9.96742
8.22137
6.3465
7.45163
7.92504
12.3137
18.1483
0
0
8.65694
9.85381
11.3799
11.7119
11.9963
0
10.4532
5.55967
7.04371
12.3073
11.8238
9.45193
0
10.6249
6.95696
8.43647
7.57597
5.99521
8.7345
11.3499
9.71841
9.6713
19.9551
0
0
4.99936
1.78997
7.57096
10.4044
11.6302
0
10.9258
5.86456
7.06829
8.54773
8.2876
12.3661
0
0
9.74833
7.39515
7.30524
4.92054
5.93428
10.9272
12.5653
8.47504
7.89437
17.7043
0
0
14.1882
8.03688
2.90818
7.16884
9.49829
0
10.0625
4.75384
5.1345
4.89088
9.05682
10.9091
0
8.85677
5.02043
3.08771
5.47498
10.9741
13.3876
10.9799
11.3218
18.1817
22.594
18.5186
13.7454
5.19858
5.11366
6.6341
0
0
4.89409
4.65693
2.48845
7.71751
0
0
5.2435
5.9664
5.72748
7.81053
10.2596
15.069
14.715
19.7807
22.289
21.8479
17.5263
9.53768
5.47305
0
0
0
0
0
0
0
13.4761
20.1755
22.8324
26.0509
0
0
0
0
0
0
0
0
0
11.0283
1.75524
4.54852
0
0
14.4658
12.7173
4.98025
5.29681
6.45984
0
8.08158
10.6
12.5659
12.4108
0
0
7.08154
4.99103
6.04628
4.90739
7.763
10.3789
7.94681
0
11.19
0
5.69747
1.03644
7.24643
8.31535
5.1394
9.9031
10.5308
11.1954
10.6169
0
12.5384
10.0998
11.3075
14.0097
12.6987
11.9695
10.8034
13.6982
0
2.65737
10.6835
12.8495
0
0
0
0
0
0
0
0
0
0
0
0
0
0
0
0
0
0
0
0
0
0
0
0
0
0
0
0
0
0
0
0
0
0
0
0
0
0
0
