8.94211
11.6934
11.2908
0
14.2764
13.58
11.1727
13.0314
14.2891
13.2036
14.3233
13.6254
9.64535
11.5635
9.11015
9.92112
11.3958
8.17544
9.62926
13.6184
9.99702
8.52485
10.0907
0
9.54217
10.194
0
15.2664
16.4569
8.72773
9.26153
0
13.0109
13.801
13.8474
14.1223
9.40751
8.98462
7.24807
7.40508
0
12.3823
12.2948
13.0216
12.6065
9.76797
9.20317
6.73281
5.61156
7.93738
10.0473
9.46695
11.0898
10.4185
9.63512
8.97791
9.27169
7.38533
6.4047
6.06312
7.48659
7.70058
6.50105
9.80628
8.57605
8.40597
8.39745
5.94708
5.81836
7.29363
7.60003
3.0496
5.23875
7.68997
9.52106
9.87608
7.70751
7.00002
7.19237
7.49542
8.91497
0
5.42601
6.82636
7.59281
10.7196
10.5376
5.63765
5.58266
7.21803
8.73363
9.98296
11.072
0
9.80704
10.6959
9.77423
8.52245
10.7358
10.0898
4.29635
4.88063
7.71729
10.4588
12.8526
14.2397
10.277
11.5801
11.213
5.17267
8.98172
12.1589
13.8068
0
0
0
0
0
0
0
0
11.1174
8.6694
7.75456
10.3037
11.1013
12.1999
12.3734
0
11.5047
9.85099
11.5145
9.42724
10.7466
12.1919
10.5462
9.69802
9.68917
11.1191
12.1123
12.0704
8.47513
9.15254
9.29764
12.6023
0
9.50111
11.2955
0
10.3798
14.8574
0
0
10.3592
14.3925
15.018
14.9504
0
12.6996
13.7018
13.0165
3.30646
4.24959
12.173
10.2031
10.9126
9.95032
7.30997
0
2.23305
5.11715
5.42585
0
13.3994
10.9256
10.5061
8.98882
8.03144
0
5.58941
3.05244
6.28307
0
13.7198
12.3712
11.9309
10.4983
11.7756
15.6675
8.46657
6.3083
7.90639
12.6215
14.6454
14.6666
13.9376
14.0141
15.1228
20.2487
9.27895
5.87645
7.16957
11.2148
14.267
17.3064
19.4604
21.1335
25.2245
22.6683
18.4925
12.0284
11.5129
10.7177
8.91164
10.4277
11.9904
0
12.0465
14.2411
15.0778
15.2232
14.3474
16.2682
15.5913
15.993
16.3411
16.1692
16.4628
17.0233
0
15.7977
17.2248
17.6915
15.0017
13.9309
18.4834
0
12.8049
15.1527
15.6917
14.5136
15.4995
16.8679
17.7496
18.4779
0
0
0
0
16.3824
17.1909
11.1174
12.761
12.7969
13.1788
0
12.7318
15.2382
15.1984
0
12.7101
0
8.14918
10.2246
30.229
19.8315
24.7897
17.314
16.0197
11.567
9.35699
10.9745
11.2463
0
0
12.7806
0
0
16.2125
11.2827
15.4597
10.8998
10.4323
12.0156
0
0
15.2857
12.791
14.417
0
0
14.2045
14.7383
0
12.6661
12.0853
0
11.0615
0
13.8417
11.7423
11.1845
12.998
13.0882
10.6717
10.1888
12.0511
0
10.3734
0
0
0
0
10.0116
9.68466
9.90952
10.4916
10.1222
0
0
0
0
0
0
8.89893
6.54017
7.59261
11.0935
11.1022
10.112
4.66502
2.74727
8.25859
11.998
0
0
0
4.83369
4.61394
4.74445
5.58275
6.89386
6.01188
7.22653
7.53094
7.89731
6.48308
7.61981
8.7856
5.79012
6.59023
8.12952
7.59792
7.91255
8.76537
10.5693
11.641
10.8732
9.02127
5.16628
1.90992
1.96815
4.72472
7.08802
8.3773
8.65564
10.4507
13.8386
13.5815
9.41244
3.23905
3.80815
6.23974
9.46074
11.1783
10.7874
10.6189
12.8822
12.4249
18.2069
16.8058
14.357
12.081
6.60552
0
0
0
9.64546
9.88504
9.93962
10.0348
10.7852
11.2175
13.0424
13.7176
11.5315
10.4672
13.1317
11.0179
9.01725
0
11.6244
0
12.2027
13.6878
14.1009
14.0455
14.4284
14.6674
14.4225
12.8391
14.902
14.834
14.3884
12.1368
0
0
0
0
14.5108
15.9747
16.1258
15.0043
16.4447
18.597
0
15.5795
15.6059
0
0
14.6778
11.114
11.3322
10.3507
10.6973
14.3464
13.4917
10.7495
10.8043
0
13.2562
17.9074
13.4969
0
20.8256
15.3722
13.0495
0
0
0
23.5082
18.6483
11.0945
11.6712
12.0406
13.9444
13.0307
14.9931
14.6237
13.3627
0
14.0693
0
12.778
12.7031
11.6394
12.35
12.3685
9.14161
12.6272
0
0
0
0
14.8258
14.2052
15.1926
15.3748
13.9496
15.7113
14.8838
0
0
12.9313
9.70734
0
13.4089
15.2518
15.4932
16.0411
0
0
0
0
14.5708
12.2393
0
0
0
10.5861
4.55393
10.606
0
0
0
0
5.2073
9.62429
8.02124
11.5967
13.372
14.5475
14.2557
10.7446
11.3896
0
0
8.75467
10.8957
11.95
10.9861
11.3502
6.75971
0
0
9.0336
9.1768
8.85515
6.17146
9.82566
10.1331
9.73442
10.7301
6.97429
16.3292
14.0579
9.8018
0
2.23398
0
579.406
0
0
0
10.0886
14.2235
14.2697
0
0
0
17.8319
24.1578
13.2882
16.2426
13.5361
28.9336
0
29.8085
17.2694
17.5105
29.4749
34.5008
29.6457
32.9239
18.3744
28.7514
31.3556
30.9597
28.8882
25.9427
26.7038
20.8318
10.6953
14.6219
23.6547
25.9436
21.4401
11.4944
17.8308
25.6449
0
0
0
19.6432
20.7836
24.9693
0
0
0
11.437
10.8515
0
0
0
0
8.84901
2.82794
12.2591
13.0274
0
16.9499
18.3732
0
2.29059
5.11935
15.5012
16.0041
0
13.6623
12.7679
0
0
0
18.9174
14.1168
8.25536
0
0
13.0786
12.7549
0
370.45
16.3697
0
19.1597
15.0613
0
0
18.3016
0
16.6273
13.5196
0
0
0
15.8257
12.2422
0
0
0
0
0
13.384
0
0
0
19.4417
8.40152
17.6993
19.4139
8.43232
16.9548
8.61308
11.0549
15.154
12.2827
8.42684
8.88445
0
10.4292
7.97345
7.791
11.0994
7.53038
8.29707
9.14464
10.2068
8.84707
9.59761
8.16347
7.72373
10.0227
7.7185
8.99878
9.72171
6.21121
7.8719
9.77073
9.54364
11.5354
11.7539
12.9516
11.5567
10.3447
13.0019
9.13026
0
7.19989
5.6452
7.93358
0
4.15273
9.5726
0
0
0
0
0
4.7332
5.40717
9.13224
0
10.8328
13.6639
17.7893
20.5152
24.0478
13.5128
11.1009
0
0
0
0
0
10.9397
8.70257
0
4.89229
0
7.66948
15.0148
18.2702
14.7472
14.5102
0
0
0
6.30022
8.9309
9.07716
9.217
10.6796
10.5058
13.7418
13.3093
10.9466
8.60005
0
0
9.24433
13.3204
8.56841
16.383
15.0327
17.3666
8.97971
19.402
9.21821
17.074
0
12.0934
17.0718
0
9.90338
12.0554
11.8158
9.99771
7.93442
10.0577
11.0701
11.2778
11.0367
12.7447
12.034
12.5572
9.07342
0
0
11.5561
12.1715
0
0
12.1705
16.9904
8.9626
10.1659
5.12094
7.3458
0
0
0
0
0
13.1408
16.636
19.9761
9.77923
11.7461
22.7126
0
13.8062
5.52617
2.07477
17.8186
2.06036
14.3839
5.45241
0
0
15.0855
9.76771
0
19.9667
22.432
20.0449
13.253
10.7863
8.98946
10.1455
11.5557
13.429
0
0
0
0
0
0
8.61447
9.71671
11.417
14.3229
16.4444
20.0779
23.6178
28.0227
30.9852
25.4762
19.0342
13.3024
10.4994
6.93756
10.6384
14.9912
16.6112
0
0
0
0
0
24.2773
17.3483
0
0
13.2501
11.5606
12.9372
15.3806
18.1501
21.0745
25.7098
25.0337
22.6951
18.2707
16.5275
19.4019
17.4538
12.8819
8.69421
6.02485
11.7254
18.4532
21.0507
19.8949
19.2055
17.6055
17.9233
15.203
12.8448
9.27386
9.88639
16.6436
15.7662
17.09
0
16.3722
18.2378
21.5845
24.9224
22.9477
20.873
16.8424
16.3579
18.6189
18.0491
13.4269
9.2668
7.31971
11.6624
16.8031
19.8991
19.0831
17.7755
17.2377
15.6593
12.8338
7.15624
7.44831
13.897
21.5291
23.6612
20.5903
0
19.0786
18.7498
20.3153
22.9176
24.1757
23.3161
20.0572
19.8706
20.6174
20.1007
14.6354
10.1861
7.90356
10.8582
15.8455
16.9137
16.339
16.7143
16.6323
13.9871
11.4777
12.6359
18.4563
23.866
24.4549
21.1136
21.4138
20.3955
20.8522
23.0632
25.5447
24.6081
23.4277
22.5787
21.7376
19.4865
15.2053
8.82792
0
7.59611
12.0652
14.2336
15.4698
17.7497
17.2386
16.2325
17.1072
18.3192
20.7985
24.0452
24.419
0
22.8643
21.7334
20.1938
20.7773
24.1564
27.4494
28.3743
26.2528
23.8628
20.3357
18.046
14.7685
10.7053
0
5.11948
7.15856
12.8291
16.8523
18.9749
17.5256
17.0979
20.3601
20.8342
23.6755
24.0173
24.2726
0
20.9924
20.0811
19.8315
20.6689
23.4827
29.1801
34.6119
30.2192
25.1587
23.6541
21.1317
18.589
13.8145
7.98028
3.55609
7.27052
15.2663
20.0269
20.7045
21.0757
21.8924
20.068
18.7352
19.6947
19.5015
0
16.5969
17.6117
20.4283
24.9603
31.868
35.4466
33.1554
27.6675
23.0497
21.9261
21.9124
0
12.4252
5.31735
2.32466
10.7014
16.1691
16.2989
15.6791
17.0119
16.264
13.9296
13.3479
13.2864
13.4858
15.645
19.4513
23.1579
29.4496
34.4109
30.1275
25.1988
18.3325
18.6749
18.474
0
13.7725
8.54057
1.24202
0
0
0
0
0
10.323
8.23877
7.66371
8.54869
0
11.878
15.1821
16.7996
19.1534
26.5418
26.7493
21.2578
13.9545
15.3469
16.5695
0
16.2438
11.1572
4.57565
5.81301
0
6.64721
0
0
8.72651
3.99196
7.35729
9.11095
0
11.8064
14.002
14.2912
14.3568
18.9873
20.5709
15.5534
12.4945
16.6207
19.2271
19.0095
13.9277
7.93105
8.3741
9.23217
6.17487
0
9.57889
8.77299
5.03907
8.19783
10.1957
0
12.9881
13.6623
12.229
10.1989
11.04
12.2972
10.0204
10.0179
11.4326
16.6312
20.629
19.7872
13.7555
8.87929
7.93757
11.0003
10.7154
0
10.7194
9.46146
5.3463
7.84718
10.1985
0
11.9353
11.7887
8.31637
5.66231
5.40702
6.96374
6.77197
7.60981
12.474
16.2963
22.13
24.0566
20.4454
15.1118
8.6622
7.73981
12.6418
13.7605
14.5305
13.046
8.50958
4.45186
8.19938
11.076
11.3259
10.1639
7.93586
7.99362
9.19738
10.0755
7.92038
8.68712
15.5625
19.1733
23.5762
20.2674
16.3405
10.7916
8.96214
7.18997
12.8393
13.8265
13.7515
13.1427
5.26461
4.43528
9.14121
11.6716
11.3492
8.71653
5.8613
3.70197
8.18324
13.6623
13.2684
8.93838
9.63472
0
25.3495
17.6894
15.8432
10.2694
5.56625
3.66004
0
0
0
6.83156
2.5448
5.55144
10.6153
12.3416
11.6074
11.7713
7.45068
4.92956
2.68166
10.814
16.2014
16.4023
9.75526
8.07463
0
0
22.7787
7.84079
9.6306
7.43661
7.10502
0
6.65866
6.07244
0
4.52657
3.3122
10.2425
13.5019
12.6926
13.6981
14.9103
12.5395
8.77451
7.12512
16.3238
25.5542
0
27.6458
16.8844
7.2079
11.6379
15.2524
21.3988
24.6606
7.22878
6.10556
7.12429
5.02045
5.53022
6.11357
5.0174
2.83454
0
0
14.2892
9.98513
8.13981
10.9086
12.2456
12.1576
18.3242
28.2127
0
31.3045
19.7708
9.30414
12.7853
13.1964
9.04903
11.9701
6.86355
9.39847
8.27144
6.73273
6.19787
0
0
0
0
14.3228
18.607
18.8599
22.3691
7.87185
12.6086
14.773
19.9108
0
0
32.3418
20.5007
12.0786
9.73573
7.00401
5.6765
0
11.0078
0
0
0
0
0
0
0
0
0
0
0
0
14.5176
15.1215
0
0
0
0
18.7584
11.9799
8.17205
16.9509
0
0
0
0
17.0692
13.1247
0
0
0
0
0
0
0
0
0
0
0
0
0
0
0
0
0
0
0
0
0
0
20.1844
10.2586
0
0
0
0
0
0
0
0
0
0
0
0
0
0
0
0
0
0
0
0
0
0
0
0
0
0
0
0
0
0
0
0
0
0
0
0
0
0
0
0
0
0
0
0
0
7.23472
0
0
0
0
0
0
0
0
4.66255
8.87131
6.58757
0
0
0
6.80946
12.0724
22.4074
21.0603
0
12.741
4.44704
3.88255
9.08327
0
0
11.4089
27.2156
22.1281
27.039
25.4166
21.656
16.9212
0
14.7284
11.8722
6.07192
8.26434
6.24622
9.10689
5.97647
0
0
14.5368
11.9163
0
0
0
0
0
17.2588
0
0
0
7.42341
6.78915
6.34436
16.2083
0
0
0
0
0
0
0
0
0
0
0
0
0
0
0
0
0
0
0
0
0
0
0
0
0
0
0
0
0
0
0
0
0
0
0
0
0
0
0
