   0.710728    0.698529   0.0643597   0.0527364
   0.976318   -0.180611  -0.0816642   0.0866851
    0.95775   -0.235848  -0.0270687   -0.162349
   0.979883    0.187811  -0.0248325   0.0627676
   0.910806    0.322706   0.0320127   -0.255476
   0.931753    0.244663    0.111162    0.244174
   0.993522   -0.101547 -0.00455728  -0.0508102
   0.981256  -0.0410173    0.185126   0.0343988
   0.947627    0.122785  -0.0474791   -0.290985
   0.999778 -0.00651785    0.015463  -0.0127321
     0.9632   -0.115098  -0.0105074    0.242669
   0.950482  -0.0930165  -0.0524594   -0.291857
   0.988141  -0.0519943   -0.100737    0.103563
    0.97641   -0.125205    0.116405   -0.131897
   0.929048   0.0852413  -0.0729735    0.352532
   0.969901   0.0708349    0.154242   -0.174596
-474.274 443.425 879.403
