   0.445555    0.399485    0.613163    0.515677
   0.964444   -0.169393   0.0167325     0.20217
   0.950648   -0.263147   0.0572047    -0.15411
   0.985884    0.145409   0.0628235   0.0542437
   0.979032    0.162061  -0.0426448    -0.11582
   0.929468    0.252906    0.147887    0.224183
   0.997287  -0.0607584    0.041038  -0.0065195
   0.983722  -0.0641521    0.164215   0.0347513
   0.947235    0.110147  -0.0361966   -0.298836
   0.999554   0.0196129 -0.00106253   0.0224836
   0.957727   -0.129584   -0.065776    0.248275
   0.980884  -0.0329711 -0.00140247   -0.191776
   0.972401  -0.0493458   -0.162308     0.16018
   0.977269   -0.109497    0.172846   -0.055488
    0.87152  0.00203628   -0.155547    0.465032
   0.931295   0.0104758    0.290559    -0.21944
-466.598 166.795 835.687
