  0.0851993    0.147911   -0.963995   -0.203902
   0.982877 -0.00597981   -0.157306  -0.0957738
   0.991668   -0.034189   0.0334631    0.119604
    0.99335   0.0431188  -0.0760898   0.0748768
    0.96743    0.212245     -0.1222  -0.0640164
   0.946114    0.159473    0.264062   0.0985336
   0.992068   0.0833779   0.0481211  -0.0808381
   0.984364   0.0490375    0.168987 -0.00817562
   0.679318    0.665121   -0.096709   -0.294601
   0.999575  -0.0242023 -0.00425762   0.0156307
   0.940421  -0.0359159   -0.332934   0.0589411
   0.961626  -0.0576741    0.247018   -0.104557
   0.913424  -0.0780314   -0.389285  -0.0895791
   0.904589   -0.243694     0.34069   0.0791292
   0.971273    0.217834    0.057987   0.0762577
    0.96459    0.243298   0.0318564   0.0967328
-358.597 419.485 452.884
