   0.733208    0.671371    0.106036   0.0205884
   0.988484    0.117548  -0.0202033  -0.0931249
   0.988749   0.0836659 -0.00256641    0.123968
   0.985299   -0.160256  -0.0590092  0.00460741
    0.97669    0.128642   -0.170429   -0.021976
   0.953032   0.0945049    0.282784   0.0532114
   0.988227   -0.139568    0.039599  -0.0485842
   0.976444   -0.115375    0.145912    0.109344
   0.936449   0.0837167  -0.0608571   -0.335188
   0.996103  -0.0858475  -0.0055733   -0.019415
    0.90451   -0.225538  -0.0871258    0.351287
   0.872095   -0.248228   0.0530225   -0.418355
   0.970115  -0.0880007   -0.151797    0.167599
   0.947656   -0.191523    0.136827   -0.215744
   0.923522    0.020555   -0.041991    0.380685
   0.975818   0.0143387    0.109509   -0.188629
-310.817 180.545 958.115
