   0.995604   0.0929681 -0.00390868  -0.0106796
   0.993746  -0.0979353  -0.0479751  -0.0240269
   0.984469    -0.16137   0.0651096   0.0232435
   0.993207  -0.0901911  -0.0275063   0.0681736
   0.995219   0.0712337  -0.0662174 -0.00895694
    0.97413   0.0805949    0.195767   0.0790685
   0.995329  0.00648061   0.0855442  -0.0442793
   0.977011    0.030275     0.20816  -0.0346831
   0.914659    0.324742  -0.0825255   -0.226124
   0.998826   0.0214894  -0.0274693  -0.0336398
   0.994538    0.095849   0.0253319   0.0326589
   0.990292    0.134249   0.0310201   0.0183364
   0.954246   0.0389986   -0.184649   -0.231946
   0.946116  -0.0697085    0.214137    0.232702
   0.974215      0.2247 0.000350642   0.0203366
   0.965665    0.225583    0.089738   0.0924725
-270.525 423.462 131.187
