   0.715548    0.693979   0.0778128    0.018148
   0.993759   0.0687966  -0.0264636  -0.0837284
   0.996449   0.0271854   0.0328885   0.0725795
   0.998389 -0.00945128  -0.0492144   0.0266021
   0.983677   0.0322227   -0.177026 -0.00144251
   0.957966   0.0267938    0.284993   0.0190691
   0.994889   0.0078388   0.0873218  -0.0500872
   0.976373  -0.0590083    0.171486    0.117502
   0.956883   0.0719247   -0.113521    -0.25752
   0.998273   -0.037592  -0.0434747   0.0121583
   0.994392  -0.0174588   0.0213723    0.102091
   0.995059  -0.0232061  -0.0219352  -0.0940071
   0.993659   0.0511779  -0.0947016  -0.0324782
   0.997592  -0.0215014   0.0475115  -0.0457267
   0.977193   0.0963793  -0.0583387    0.180004
   0.985731    0.128073    0.107566  -0.0190104
-307.733 293.527 957.647
