   0.712761    0.697477     0.07188   0.0182204
   0.992955   0.0652857  -0.0331634  -0.0931495
   0.997285   0.0231757   0.0272265   0.0643814
   0.997663 -0.00352448  -0.0393463   0.0557478
   0.983124   0.0375505   -0.179003 -0.00392531
    0.95695   0.0269844    0.288795   0.0108161
   0.994391    -0.01311   0.0728231  -0.0755762
   0.976182  -0.0734555    0.168882    0.114688
   0.952318   0.0829025   -0.102276   -0.275243
   0.998712  -0.0194922  -0.0400933  -0.0242213
   0.995913   0.0453114   0.0385767  -0.0679383
   0.975776   -0.061868  -0.0048858   -0.209784
   0.931312   0.0883565   -0.158888   -0.315603
   0.988612  -0.0352096   0.0574322   -0.134567
   0.956323    0.209113  -0.0663477    0.193175
   0.985691    0.162857   0.0421766   0.0106214
-299.77 295.896 958.29
