  0.523972   0.848301  0.0711768  0.0278105
  0.972555  -0.165724  -0.121727  -0.108882
  0.959551  -0.242371   0.141537  0.0220484
  0.925371   0.376944  0.0338711 -0.0213527
  0.726717   0.615693  0.0824885  -0.293259
  0.686662   0.640865 0.00798458   0.343109
  0.984779   0.169567  -0.023791 -0.0298296
  0.936462   0.212161   0.266526 -0.0836048
  0.549355   0.802264 -0.0989522   0.211639
  0.995888 -0.0193732  0.0878089 -0.0110333
  0.849074 0.00937086  -0.448167   0.279521
  0.903433  -0.069375   0.332465  -0.261654
  0.914634 -0.0163258  -0.397649  0.0710932
  0.892344  -0.268834    0.35479 -0.0746671
  0.967168    0.21228   0.133019 -0.0427674
  0.953141   0.268381 -0.0263789    0.13711
-316.085 325.227 528.873
